6.52915423526 42.0163993835 0.530244884419 6.98998279368 0.728251429623 33.2112802596 nan nan -1.90074214328 0.0341014488676 19.3488037442 24.4674618203 1.75831218661 7.01006555557 
2.24543190864 94.7082443237 4.07885969706 6.55458363787 0.358737836459 23.4694226158 nan nan -1.95706217277 0.0687786062671 64.5011433884 4.53882712192 4.53325866079 7.72008180618 
1.43982163858 92.0082168579 4.24471105878 7.41051534682 -0.228157913398 42.6588462714 nan nan -3.28827550195 0.0246249451977 75.6047097112 -2.98032876292 4.38823481772 8.54010009766 
1.2103091161 52.4452705383 2.61674462881 8.8722770473 0.388551465504 25.2893858285 nan nan -1.2432619857 0.419930369631 98.0969768965 8.36294225674 2.6715004948 9.25011634827 
7.4305591788 47.8356323242 2.80164792734 7.17230936753 -0.348956884283 32.8801283225 nan nan -2.47990900336 0.00719000628754 64.6438991952 -6.42190216491 3.1198981444 7.70008134842 
1.07488463422 11.6362991333 0.985882589268 8.29169069225 -0.203660888521 8.0500100105 nan nan -1.52373541638 0.069124125626 78.0693285222 -11.4263957988 1.02802480759 8.3500957489 
7.31449309742 43.6785621643 1.37047263617 7.01749870147 -1.29057954463 59.6436086155 nan nan -1.55905200491 0.15762922743 42.7513031486 -32.588548086 2.39616378982 7.15006875992 
1.46453911053 103.212715149 1.83617340165 5.69116590257 -0.487923054832 30.2133460955 nan nan -1.90236524809 0.040431948329 33.1731960888 -8.27277366937 3.3910397602 5.98004198074 
21.8404284361 119.427467346 5.4078565717 6.21725210675 -0.760837259155 43.2529759811 nan nan -3.60865930216 0.00269066615094 67.1145678654 -7.38530321141 5.91901376744 8.2400932312 
3.40029707833 345.925262451 4.5301373125 -2.73170880559 -1.25296865082 25.4484297395 nan nan -2.335146228 0.108359894882 21.9659278152 -5.90669786537 12.1755228719 5.2900261879 
1.4011878825 58.4548301697 1.13556010397 6.77556344226 0.155867095112 51.1781362305 nan nan -2.55900569367 0.344373532636 33.3653356492 4.31705310197 2.07062134219 6.87006235123 
2.93599513115 58.1807174683 2.17162243331 6.65469537883 0.365635652196 22.264696004 nan nan -1.10410060571 0.0500102850419 49.6442634913 7.31135101715 2.87311374086 7.00006532669 
27.5495361427 190.043060303 2.30398756802 4.11948605333 -0.431307887214 12.6723336954 nan nan -0.893371117809 0.0832589024936 27.7427025677 -4.98030060195 4.96822781725 4.72001314163 
7.95901487679 55.7560539246 0.268192586931 6.52454484341 0.777832446741 8.46090337922 nan nan -0.827350299266 0.0217569112083 7.7313453992 21.3141976579 2.13994711491 6.53005456924 
1.45081583455 215.293930054 1.9286753813 5.79765992797 -0.0934052972362 15.641239567 nan nan -0.738614321365 0.742662877337 35.5156646899 -1.61153932199 3.32131828358 6.11004495621 
1.4202594228 120.715774536 2.13133685764 5.30812729516 -0.49195067761 28.0391929648 nan nan -3.40100163931 0.118775960108 33.7325691895 -7.30418281409 3.86945262716 5.72003602982 
1.66670449223 91.7641448975 3.07255404306 6.06631995886 -0.205891891766 13.1239950483 nan nan -2.72818105243 0.0515967995044 51.6182867206 -3.0069030579 3.92501953641 6.80006074905 
2.80647810444 100.336997986 7.07783541748 3.59850314089 2.29644795067 32.1438829471 nan nan -1.80584383395 0.0207468953907 55.2968743625 14.9353236608 8.91033662927 7.94008684158 
8.93910657124 225.790878296 4.11744196853 1.30732783874 -1.15006594841 13.4516715942 nan nan -2.35088612157 0.0348480110467 29.7889603749 -7.90024904884 8.36722850586 4.32000398636 
2.21925351678 24.6797065735 1.5947530255 7.65574803925 -0.513371212236 41.6164796454 nan nan -1.24145857346 0.0648031769649 62.1035442662 -15.8813004915 1.87604599814 7.820084095 
1.75766134086 110.99684906 4.78219301748 6.73496679235 0.36888039808 31.4881075126 nan nan -2.63248943873 0.0713323849539 69.7416791971 4.13897579515 5.11084973646 8.26009368896 
11.208404276 66.1267547607 3.33105778155 6.9644610093 -0.678022561757 36.6450164054 nan nan -1.55879546289 0.0344844903724 65.2514140458 -10.4729501362 3.73008586097 7.72008180618 
16.1448851821 65.619758606 3.82686702205 5.89719568502 -1.84119575483 5.20792458014 nan nan -1.67553659731 0.0198740422142 55.778823581 -21.6940450193 4.98091390351 7.03006601334 
6.18585360585 261.056121826 5.85575045276 3.49620100964 -0.143934246624 42.4220783026 nan nan -2.75206178648 0.0868560231999 49.4857706294 -1.07055020956 7.7038000213 6.82006120682 
4.43471309037 19.0922489166 0.680646838083 7.95100751433 1.39779376861 15.0351988874 nan nan -1.19025419462 0.0148476570879 51.1112323141 57.9700212071 1.6487875203 7.98008775711 
1.21753252712 26.0545215607 1.09103454442 8.32894179592 0.979110389603 8.07038424129 nan nan -2.29440472068 0.0273475019025 81.089402492 41.5596821255 1.47589784244 8.40009689331 
1.28370947173 50.7713012695 2.6847287872 7.33414216763 -0.898057618038 17.7847620918 nan nan -3.00946871663 0.00860341045252 66.5268462276 -17.0572948203 3.06161732283 7.81008386612 
1.01281393731 21.153547287 1.4411355583 7.41126202668 -0.232988680663 8.38710839625 nan nan -0.997832696686 0.0547943092958 52.9299640163 -7.35036636438 1.82112761697 7.55007791519 
1.05295096539 100.934829712 2.77220554982 5.66847435463 -0.382171826908 17.8288644841 nan nan -2.14467050308 0.600736845005 44.3934997862 -5.50875637507 3.98104463628 6.31004953384 
1.3767539562 80.5947647095 3.59634173777 5.95892798352 -1.15587397915 32.4277639912 nan nan -0.676510558335 0.456038572089 54.7560676597 -14.7077920652 4.55266576232 6.96006441116 
8.83110666134 211.54460144 5.18886112892 4.19110855119 0.146327664981 55.9838694911 nan nan -2.33252277487 0.0345424875516 50.2933597986 1.24285093155 6.7462757962 6.67005777359 
2.8865102096 20.5167827606 0.503122298944 8.71559473573 -0.813745421551 4.24930401939 nan nan -0.436351316233 0.209163548539 113.195790122 -56.0730843841 0.980711348392 8.73010444641 
1.52170116564 98.773651123 -0.0895435664923 11.8998401093 0.613557845942 6.09570979183 nan nan -0.748465411483 0.262749511406 -178.491316506 10.2263997019 3.45592014514 11.900177002 
7.22197124893 60.9444618225 1.9086031723 6.38072099606 -0.167184314647 25.5080293604 nan nan -1.34496183009 0.0410937144905 42.0059088324 -3.35479855943 2.85693194895 6.66005754471 
14.46634638 15.8889884949 1.29821071792 8.6229267941 -0.29323880699 5.24552482075 nan nan -0.381810625551 0.0770226386564 95.4091750935 -12.6734758973 1.33658185785 8.72010421753 
4.75563904405 112.461631775 3.96097860861 9.30190835527 -0.340662125727 9.88829076256 nan nan -2.87770545451 0.00800418963925 101.444958737 -4.81832274911 4.05567001025 10.1101360321 
1.87335117012 112.770500183 4.36280127916 4.87219475812 -1.17298890958 18.7380583479 nan nan -2.56483251066 0.102406807077 50.2554211979 -11.6801171031 5.79404080555 6.54005479813 
2.06794211249 6.18825769424 -0.303038697868 8.78488064058 0.0888761254588 7.62133833689 nan nan -1.10203396844 1.66913007592 -133.230965778 12.0618804699 0.425309766473 8.7901058197 
4.18586440068 30.4520320892 2.38338567618 7.47952563988 0.0779021127005 20.1685108596 nan nan -0.647142539184 0.100293222299 66.8212474497 1.72105739021 2.59383190285 7.85008478165 
14.3891923672 112.74622345 5.21027246149 6.0311985612 -0.881675263573 22.7860644899 nan nan -1.9848625851 0.0128117636865 64.6468401045 -8.69434328868 5.83260413003 7.97008752823 
3.85462935019 19.6499824524 0.52320959859 8.08317451 -0.681226287095 12.6756315805 nan nan -1.28426533085 0.0116119849248 51.456712615 -45.5210139714 0.954757051506 8.10009002686 
2.6218467757 82.2030258179 1.48511326751 6.30757726638 -0.235597057073 31.2556588625 nan nan -2.27029031634 3.873041792 34.1131056746 -5.08418007286 2.65853057788 6.48005342484 
1.29399734437 69.5307693481 3.57111779281 8.13040181442 0.375266996829 21.9140136564 nan nan -2.14234833185 0.0384347213733 84.0911252279 5.96720579361 3.60975212831 8.88010787964 
1.09060455376 40.6245994568 2.89109225187 7.74829265072 -0.0718982728941 16.5971241892 nan nan -2.15942334526 0.0274039165095 75.4253500967 -1.37876472076 2.98808428754 8.27009391785 
1.55265324568 19.391078949 -0.754902725724 9.49014514242 -0.0551498970361 12.0481893098 nan nan -2.56194377034 0.250946158723 -142.677514736 -2.53618258512 1.24631739116 9.52012252808 
1.09537636901 9.10496616364 -0.0664541593605 8.18982247884 0.646683650193 105.194655844 nan nan -2.07731728082 0.117436783566 -12.092557859 63.8707581986 0.720295767972 8.19009208679 
1.81316542508 26.105588913 0.65909894563 8.17356119237 -1.13133337066 6.50080647947 nan nan -0.687087861919 0.050581552564 63.6516862175 -56.971060712 1.34940316838 8.20009231567 
7.69082708931 161.005813599 2.7831168317 4.69746624932 0.137967772259 50.5159469226 nan nan -1.76001146975 0.124012118826 36.2008127401 1.67706857455 4.71423772525 5.46003007889 
4.88340369294 33.8414001465 1.66062160447 9.08966895913 -0.198872563873 16.8906125946 nan nan -2.88921884077 3.47770461273 109.549405948 -6.43882967762 1.77339332672 9.24011611938 
4.83340773379 88.3338775635 2.53548873822 5.8872796118 0.291629381396 8.28899262998 nan nan -2.97462566311 0.00885131393799 44.1405330334 4.57970586381 3.65240450452 6.41005182266 
3.73880037252 13.1821346283 0.784883444437 7.61976313392 0.104045617768 29.0360001655 nan nan -0.765296602022 0.108085999953 41.722526101 5.04175701537 1.18392755367 7.66008043289 
4.32704687904 73.5411453247 1.17083764931 6.21064957974 0.639352490956 13.5225567497 nan nan -2.77481462237 0.0905146622178 27.0864690153 13.9629863749 2.64967125423 6.32004976273 
2.77260058196 180.768234253 5.02367831533 4.32669736927 0.489827400031 61.9705390064 nan nan -2.30249373161 0.0570799137963 50.2826896952 4.2891823979 6.54933046543 6.63005685806 
1.12381192415 127.570640564 3.97527651282 5.39332550632 -0.462310063562 26.5051890674 nan nan -0.243550567799 0.959990246217 51.9924104153 -5.23557865798 5.06635770134 6.70005846024 
1.08730851161 72.4740905762 3.48518510268 6.77636308435 -0.686290468681 22.1744733099 nan nan -1.16657045805 0.0599722335836 63.6847924277 -10.0101591924 3.94821909528 7.62007951736 
1.17104985326 68.3028182983 0.647979117816 6.66865102052 -0.110433048763 18.0919869176 nan nan -1.06393669531 0.750352039072 19.4851098288 -3.25364305407 1.94574188423 6.70005846024 
7.12163276899 137.263000488 2.50037648243 2.39158899308 1.67579386019 13.8085301155 nan nan -1.08032528875 0.0768654850997 22.2609231958 14.2460817035 6.80976157037 3.45999717712 
5.71265432757 62.0172729492 2.90123365989 6.75325264729 -0.22810740686 22.08324857 nan nan -1.00658875146 0.181820165394 58.9490923204 -3.85351709717 3.39415910831 7.35007333755 
1.67907741547 105.319488525 -1.89360454545 11.2620803429 -0.131594875331 25.0180894853 nan nan -0.623502404813 0.103742081025 -145.566561756 -2.25030793968 3.35143897548 11.4201660156 
1.63505592982 18.9700984955 -0.212884693158 8.82754014791 0.668008911883 11.5324613648 nan nan -0.918955509636 0.26325169075 -146.978149596 59.68141457 0.773846462439 8.83010673523 
1.03819454481 13.6350727081 0.269174023093 8.43580442922 0.777092462527 17.7097135382 nan nan -1.76499103886 0.176586523871 76.5860474178 70.3991483887 0.824892975684 8.44009780884 
3.60611076507 48.9383468628 2.01102549517 6.94476041403 -1.11214979118 10.9714558966 nan nan -0.608687358365 0.13423489128 52.2831939872 -23.6278449706 2.77486411739 7.23007059097 
2.2091315336 100.395484924 4.61968785841 3.95290050604 -1.85453765796 29.8448489381 nan nan -1.23163916518 0.057923413468 45.4536943903 -15.9658963221 6.74217617998 6.08004426956 
4.72174041121 103.623710632 1.70847385306 11.1601477843 0.296140662227 19.8063029633 nan nan -1.66043422471 0.0139868887973 147.289487387 5.35128467019 3.17536902306 11.2901630402 
2.17482055761 10.2894334793 0.778234193482 8.0224303065 0.0336378598045 15.8151114391 nan nan -2.2026649573 0.114336357842 58.4643046079 2.10981410582 0.913702784097 8.06008911133 
5.66236726561 134.019958496 5.45767655781 5.8903384197 -0.620345230222 24.2458969838 nan nan -1.41981670482 0.0583358055704 64.4445765724 -5.8549142045 6.08123303106 8.03008842468 
3.48459948308 40.645816803 1.18312167187 6.98051388278 1.22482025555 37.3435764141 nan nan -1.70184004748 0.0262912539223 37.9054936589 32.4569202436 2.28227947659 7.08006715775 
1.52028384338 13.1799449921 1.08586799662 8.58167617369 -0.219453460263 13.9560456115 nan nan -1.87308663427 7.05706863639 94.3015398839 -11.3942141641 1.11082857573 8.65010261536 
1.65135889629 55.2650184631 2.48908745807 6.89452043649 -0.889739678396 18.4740530156 nan nan -0.856760788449 0.0740654760036 57.1776888301 -16.7197579157 3.09269424582 7.33007287979 
1.64534261303 45.7096672058 2.78751544331 7.09192283547 0.0899529833938 40.9877152843 nan nan -1.75944869584 0.0956023888147 63.1999706339 1.64987381782 3.12426234289 7.62007951736 
3.66268943333 84.3500747681 0.992853804132 6.39342081222 -0.248679070817 26.1288493759 nan nan -2.31385182203 0.0268083222684 25.2350144575 -6.09511733193 2.34206657272 6.47005319595 
20.4931758358 36.1281280518 2.49982719255 8.73962314144 2.37123396511 14.5636713214 nan nan -1.42359158487 0.554883341351 95.4754084076 43.3569617219 3.45388270789 9.09011268616 
6.510104552 124.017082214 3.2149802781 10.8227391766 -0.0472419668191 48.6191474373 nan nan -2.58216103145 0.0178063045898 125.847126794 -0.682415568465 3.96654097099 11.2901630402 
1.91893451163 30.8231544495 0.741583258339 7.26230736723 1.03583338082 37.0847241158 nan nan -1.9172365706 0.203736547312 30.9286048914 35.674781569 1.77616991729 7.30007219315 
3.07098071731 28.686050415 0.151439630233 6.618324245 2.25110258146 10.7995707271 nan nan -1.21843193431 0.0871742767464 4.60131885953 50.0170223767 2.93787345555 6.62005662918 
4.73577195962 61.5965766907 -1.21634732767 11.0333141962 -0.91346167257 30.0637783531 nan nan 0.11729387508 0.091250438932 -154.352441188 -18.0069115306 2.95492704912 11.1001586914 
10.0121637235 36.5210342407 -0.334206973825 9.81444073924 -0.581298339536 13.5595486952 nan nan -2.33197541327 0.0203583353313 -165.734377133 -23.2001200875 1.47558683847 9.82012939453 
1.33755000263 102.234832764 3.78283819959 6.14976025462 -0.228713329358 15.5072505105 nan nan -3.22397229664 0.0286097063009 58.1477269549 -2.93990397174 4.45934989568 7.22007036209 
3.22539969381 84.3561477661 0.75534465038 11.7158492867 0.840637763932 15.1330529107 nan nan -0.874400521766 0.231429250762 166.781863845 14.2775244588 3.40865134999 11.7401733398 
9.90224841743 231.677963257 6.98793206073 6.16712284009 -0.0579493354148 13.3096193857 nan nan -2.62593428396 0.0305113289402 71.5387370549 -0.450679889463 7.36728365506 9.32011795044 
1.05205599356 12.7778301239 0.742413712874 7.73453366002 -0.295285649532 13.5927251147 nan nan -0.92267000071 0.131167801609 44.1241243968 -15.4779815127 1.10648563186 7.77008295059 
1.20913481514 36.6632843018 0.94766855776 9.56328494304 0.112155537365 8.96013717114 nan nan -2.10505930608 1.57346008033 138.290501988 4.50240442636 1.42871600748 9.61012458801 
2.61951048666 178.199111938 1.89549216997 3.98186674337 -0.59596368546 11.5151263106 nan nan -2.63914195228 0.0229714126091 22.7595078852 -6.93506550276 4.93574628658 4.4100060463 
4.27535739445 291.184082031 8.43627221679 4.4972515319 -0.217729594657 17.1018966344 nan nan -0.9319767855 0.0889904491377 64.6171168106 -1.33573831412 9.34024038186 9.5601234436 
1.6485909772 52.7856292725 1.83052494617 6.71503350915 0.937645756598 60.4589031829 nan nan -0.907834876526 0.481759928633 45.721940326 20.1397382323 2.72325292929 6.96006441116 
1.98771592854 43.3228797913 0.242632728929 6.99585905638 0.563808488294 6.64236743977 nan nan -2.24263964801 0.0705272069285 9.16343673092 20.3071898323 1.62455859571 7.00006532669 
2.28312299959 47.0927505493 2.3332655393 6.82209522426 -1.7249122672 14.4736796 nan nan -0.958647758772 0.0271010799276 54.279221746 -30.9718520262 3.35183753229 7.21007013321 
1.73033709847 103.576957703 4.06466204911 6.30314794322 0.21396915014 51.0871017454 nan nan -2.85183171192 0.00973127432415 61.6098448972 2.65148219577 4.62530207987 7.50007677078 
1.78276827407 19.2538642883 1.06543050463 8.59431434802 0.57685073821 17.3891184283 nan nan -2.26338034708 0.0635862025401 95.0587672742 28.3386976472 1.21523418756 8.66010284424 
1.29881434985 17.0535011292 -0.0461607337699 8.85998717346 0.673759245299 41.3896605902 nan nan -3.24155453562 2.0179523845 -172.692904465 61.6899341531 0.765292819137 8.86010742188 
2.38833131991 39.3595275879 1.62372237446 7.29147189211 -1.66519998521 12.9863000373 nan nan -2.19663081565 0.0513106459752 53.3398818569 -39.4435582819 2.62105046262 7.47007608414 
1.41598290123 24.179473877 0.614572381586 7.62535428132 0.701457062008 14.4554983241 nan nan -1.93313331013 0.246805338933 35.0939078664 33.2727600377 1.27857199847 7.65008020401 
1.59599663811 18.3630104065 1.35837662319 7.70120303605 -0.200830640104 13.3642457601 nan nan -1.69848700718 0.043540847283 59.5422305569 -7.26283735038 1.58858320085 7.820084095 
2.62458192223 46.0476646423 1.2963849479 6.79754844414 1.15283293118 31.1303403248 nan nan -3.11964066137 0.0132972851916 37.2885923079 28.3133406186 2.43063345661 6.92006349564 
6.82597378587 60.7094268799 2.04821413118 6.45279258317 -0.273062805269 44.1621083496 nan nan -2.3263411848 0.0346911207688 45.014084138 -5.38665747197 2.90874588617 6.77006006241 
1.26909643214 25.957868576 -0.628018760065 8.39664408193 1.36087669617 21.1021458169 nan nan -2.93025539406 0.00665647088448 -80.6543457761 64.9350335889 1.50235661245 8.42009735107 
1.91417825146 217.070510864 1.81648267448 4.44303212135 -0.00155454273447 24.3901168158 nan nan -2.02520905245 0.301990833281 24.1201583611 -0.0200376700453 4.44506468926 4.80001497269 
2.56438738926 48.7169456482 0.941288547927 6.86584001382 -0.805026250172 77.7385485844 nan nan -0.524309323347 0.0518257395625 29.9422688724 -23.1163163366 2.05050487791 6.93006372452 
3.64954798777 168.414657593 5.49077674557 5.07965671861 0.389786327964 13.0494441665 nan nan -1.71292366704 0.110515947569 58.0801807109 3.44818330819 6.48068752631 7.48007631302 
1.22909285356 49.3510131836 1.59659604741 9.82120233178 -0.241611038307 13.2550848958 nan nan -1.79837649664 0.0679612609262 129.608163502 -6.64992938978 2.08640131182 9.95013237 
1.13403900773 87.9327011108 3.84954355309 6.80696185429 0.0144837861287 18.9295072058 nan nan -2.17208939425 0.0701710611385 66.2599958294 0.197331319729 4.20542191819 7.820084095 
1.0843632864 118.64566803 2.53374345928 3.88713892791 -1.38225851057 52.6357731367 nan nan -2.63541795064 0.274899680851 28.7790273336 -14.7158568001 5.44141358269 4.64001131058 
3.49626432906 49.5252609253 0.518709182609 7.07106755241 -0.091184242121 51.683399726 nan nan -3.47781162797 0.0306523015896 19.9511347223 -3.43266267572 1.52289911744 7.09006738663 
1.91440961587 5.59817171097 0.429774020182 8.66945717015 -0.124571364877 9.1996131187 nan nan 0.456154711671 1.06002463208 111.519003176 -15.0908418779 0.478476191555 8.680103302 
2.77934115296 32.9554290771 0.129387615451 9.56924897532 -1.08860147299 17.830105419 nan nan -1.05210795738 0.133354409726 173.100302511 -45.3056366979 1.53136791571 9.57012367249 
1.7503625976 67.9554748535 3.15304035042 6.61727322782 -0.929259842089 23.0349719694 nan nan -2.09011242582 0.0679322560206 59.1579533455 -14.2000969347 3.78811924366 7.33007287979 
4.57683386554 66.2660293579 2.60002109019 9.23094638508 0.126520024465 38.268490039 nan nan -1.95104457611 0.0337183609285 105.702316289 2.68206909321 2.70377506533 9.59012413025 
2.99020671235 106.916900635 5.73182467959 6.15434151207 1.14786385509 22.5625899321 nan nan 0.0663343771764 0.0990078216757 67.7439454423 10.5001705161 6.29869187445 8.41009712219 
1.02936876569 56.1576461792 1.1844803305 6.71641580096 -0.553105010387 35.4546407343 nan nan -1.30990391678 0.184457138829 33.5881827013 -14.4846366003 2.21135510512 6.82006120682 
2.57853970146 175.001358032 5.74183117981 8.75530101001 -0.202939134756 20.6566503521 nan nan -3.1086860146 0.0117157306536 92.5458850595 -2.02222166159 5.75108582753 10.4701442719 
3.88223129985 105.227493286 1.15403417209 5.86763216478 -0.377773363266 48.5499178019 nan nan -2.67449706506 0.0942154039523 23.6727203115 -7.48774874159 2.89894256657 5.98004198074 
2.33505828741 56.8504219055 2.76775171583 8.89967128885 0.365594330887 22.9029106459 nan nan -2.51765034914 0.0229059480102 98.2168758304 7.44830414987 2.82025635615 9.32011795044 
20.070907619 284.169006348 7.83175280247 7.37865134253 0.136095543285 53.8167657014 nan nan -1.08050942126 0.11830229544 81.8517823312 0.985503413816 7.91279323422 10.7601509094 
2.32011462771 112.669692993 3.32501038632 3.91971170489 1.47564727383 38.7443530822 nan nan -1.3737960491 0.13729604351 35.9773648026 14.612774409 5.84912555962 5.14002275467 
11.2345407129 8.15974998474 -0.184239404449 8.59812777019 0.330544678273 42.0078871316 nan nan -1.40433351389 5.49858184114 -118.04021628 57.7272146709 0.390938616368 8.60010147095 
2.26129233186 40.2178649902 -0.763972083765 9.94081964721 -0.00786565082983 37.6756390012 nan nan -4.36919843233 0.0348249029056 -152.065928166 -0.276340522285 1.63085145523 9.97013282776 
1.31648749384 35.2931060791 1.29150302912 6.9612765269 -0.185223891546 19.9294085708 nan nan -2.03823686891 0.0162115069107 40.007881385 -5.26789032252 2.0174136638 7.08006715775 
1.77715623109 102.447380066 3.1199012685 5.75929135673 -0.310578733398 16.6868598885 nan nan -2.16802404883 0.10092674296 48.7019859126 -4.27712170592 4.16433991674 6.55005502701 
4.18666312433 92.735748291 2.39466150796 5.77310126981 -0.292090777859 19.7939751997 nan nan -2.79940357653 0.315507657548 41.2884052721 -4.60157135726 3.64083746478 6.25004816055 
2.673851451 142.372970581 1.03573917069 5.15704495269 0.393881604583 36.2321817124 nan nan -1.50270466681 0.0646985616121 17.2144150991 6.4214069786 3.52182435627 5.26002550125 
1.3701421811 50.7447624207 -1.0151905564 10.2198413624 0.421341159981 9.5217111888 nan nan -2.79602437142 0.0106631527859 -149.447432129 11.913270727 2.04107681158 10.2701396942 
1.06829248919 55.0263710022 3.21510808474 7.76045796461 -0.412967974348 73.8966846967 nan nan -1.05086089854 0.0625092060076 77.0460985102 -7.1350130372 3.32481352357 8.40009689331 
2.61372183641 35.1019744873 2.51502578063 7.38349172619 -0.27406488503 61.20612461 nan nan -1.53971638336 0.192760735211 66.0618841835 -5.68777488583 2.76533125755 7.80008363724 
9.07306592391 119.171630859 3.17728013242 4.46493288222 -1.13921840372 11.8854103487 nan nan -1.86005729436 0.0251298299562 38.2174939581 -12.5066945078 5.26067431573 5.48003053665 
2.85780248457 43.5995483398 -0.870839272165 5.19757733548 2.7184739139 18.9810082347 nan nan -3.03755398714 0.0317107587306 -14.7724521466 38.5186137776 4.36514111039 5.27002573013 
16.447709255 229.23475647 7.94857496956 12.6148955055 0.177753957834 29.6227175733 nan nan -1.41997628748 0.02779412086 117.370137888 1.13772020857 8.95230727451 14.9102458954 
1.20471770953 17.7681598663 1.53357495413 8.61466677789 0.0596546066077 4.43318482391 nan nan -1.38637867457 0.0906808330328 94.2761000049 2.22143341784 1.53901243724 8.75010490417 
4.27220109195 25.8326683044 -0.48378429076 7.56462453596 1.94807460767 19.9711130475 nan nan -0.72303503332 0.0936748303226 -27.3483967889 61.6054947567 2.21449072605 7.58007860184 
2.27574108004 115.019836426 2.46897877746 4.35940844433 -1.2006485429 3.37940847634 nan nan -1.17204793614 0.732261641926 30.8070525188 -13.9852496424 4.9680893267 5.01001977921 
1.30773766619 12.1039524078 0.662591354297 7.63136979418 -0.0895913502491 30.1871703762 nan nan 1.13055378952 0.412965934305 37.3363979107 -4.68811721399 1.09616255514 7.66008043289 
1.02404852056 83.544593811 2.83968193212 6.07956364683 -0.658624264385 52.9194936569 nan nan -2.35848104823 0.137670192245 49.5569946008 -10.0104594633 3.78894332724 6.71005868912 
1.00886849469 51.8513259888 -0.329223400571 10.5950334411 1.09029824364 16.0419753417 nan nan -0.948551062272 0.10605037368 -171.069306884 27.2082085747 2.38459712042 10.6001472473 
4.07409057583 121.730079651 4.69367263595 8.50035300153 0.334277519649 2.39800637158 nan nan -1.49673402827 0.0439276031768 90.0043090982 4.07365599521 4.70556100781 9.71012687683 
7.79907529344 120.600608826 4.68622487024 6.2729193351 -0.240812893613 7.74076102834 nan nan -2.88328851439 0.375419056987 64.5810717656 -2.65734849593 5.19409113052 7.83008432388 
7.83974809302 119.790092468 3.26200802344 5.41316290706 -0.273122246472 21.2030365408 nan nan -2.8211733794 0.00841469112792 46.5804463916 -3.48016773079 4.49931720874 6.32004976273 
1.2140943405 73.200378418 3.71244422547 10.4503288272 -1.33434949355 14.9697790524 nan nan -2.1277983188 0.059173758317 117.715145774 -17.6505205387 4.4007400778 11.0901584625 
3.8276185593 129.243804932 3.33765886323 5.31968484366 -0.101240441089 33.7748392 nan nan -0.646017586354 0.160547438984 46.3828499115 -1.25800606366 4.61135780523 6.2800488472 
2.62082273393 46.9455413818 1.10781193515 9.7675074164 0.0171687439329 39.0505007594 nan nan -1.39341119084 0.181310760636 138.84627374 0.584332159546 1.68348362037 9.83012962341 
11.2453849666 140.046875 3.14805894873 3.92311463504 -1.07930542592 19.0658056886 nan nan -2.79049092973 0.103751651026 34.5208492933 -10.9952346794 5.65889167515 5.03002023697 
1.15814009797 105.404441833 4.14118570012 6.26512869285 -0.251025008537 52.1761493897 nan nan -2.27782861357 0.0736999114535 61.6456201272 -3.05351089546 4.71243910489 7.51007699966 
4.94797423812 193.238632202 5.05706385033 3.7572232378 -0.582637621843 15.3052169544 nan nan -2.72317098158 0.0586979386496 46.8368823086 -4.80368661179 6.95753496583 6.30004930496 
1.30112537432 7.24279546738 0.284226610197 8.05507614592 0.564466533517 31.5289512086 nan nan -2.27655814507 0.513725715508 32.5712864568 46.913976518 0.772893569214 8.06008911133 
1.39464794448 18.6351680756 1.02303825158 7.37949995423 -0.0944730560078 31.3178945924 nan nan -0.81650098402 0.135894610076 42.3966846397 -3.56291612365 1.52021471347 7.45007562637 
1.32251344452 73.0983123779 0.92464842084 6.22171541276 0.671830341762 32.352783404 nan nan -2.07257396683 0.664843939757 22.0899168529 15.2823657353 2.54890395479 6.29004907608 
4.67658015399 145.100845337 -0.0161148594806 13.0301929007 0.129071970252 10.5992599707 nan nan -0.998831806954 0.417386948615 -179.796187588 1.63199061437 4.53205990472 13.0302028656 
9.58100368057 108.966064453 3.7136230464 5.68453390673 -0.580643481575 74.248531648 nan nan -2.99002557736 0.512969951715 52.8325835129 -7.10217666519 4.69627430053 6.79006052017 
15.8421566842 185.216171265 5.75557011352 9.51479648607 0.0435876432769 17.5251139391 nan nan -2.72511460891 0.0483005964357 99.9993645834 0.427308889464 5.84451016959 11.1201591492 
5.71190810521 84.1432266235 4.6315105178 7.30570910861 0.965458020424 27.5296814858 nan nan -1.57937933931 0.073097820441 75.5405814681 11.4118935859 4.87948046404 8.65010261536 
1.02052767021 19.5096855164 -0.366456887173 8.7924726793 0.660581132531 13.5155590147 nan nan -1.21157069921 0.305348723979 -128.593695785 54.6339742215 0.810060708186 8.80010604858 
1.32077087139 34.1430282593 -1.78335005719 9.03581146649 2.79254578976 16.0372291077 nan nan -2.06606391861 0.0125870292004 -106.723011682 56.304154254 3.35644802462 9.21011543274 
1.99081954603 39.6525421143 1.82984025987 9.06732248681 0.0638554398061 21.4268061259 nan nan -2.3252328392 0.161761474727 107.225493145 1.90904724753 1.91683272558 9.25011634827 
3.1712604405 39.6900215149 -1.4982885071 9.44198558601 0.550491778392 3.65960411581 nan nan -0.879229102397 0.0294102982828 -122.157893137 17.2781383451 1.85344179645 9.5601234436 
8.47288648146 84.4090805054 0.703131813267 6.0996529532 0.57744274308 17.8539317088 nan nan -3.0673089999 0.00918953567776 16.3268502144 12.9998370493 2.56700222311 6.14004564285 
28.7556368837 76.3600463867 3.53856640139 9.11753590006 0.677105015533 10.5570734134 nan nan -1.05494595857 0.0135424954331 99.8993274644 10.6750586868 3.65530764327 9.780128479 
1.49370092156 118.768920898 4.31404853448 6.11068955935 0.102282344552 17.3685110715 nan nan -5.78670676195 0.00609122791639 61.0203812098 1.18817626998 4.93257344777 7.48007631302 
3.36847500559 152.091842651 2.22584827043 4.96382128564 0.145667782322 43.03861533 nan nan -1.73952609787 0.154288341995 32.1883698348 1.99664612834 4.18093046171 5.44002962112 
1.05519823421 23.789937973 1.82436194146 7.59401827114 0.0858737026037 29.3651458907 nan nan -1.27646168342 0.0734928679008 63.5909147834 2.41406414735 2.03874316167 7.81008386612 
1.67800613236 12.4622783661 0.798023922292 8.85421820381 -0.306472556803 12.7183285065 nan nan -1.74622270182 3.32841194673 113.934958401 -19.3418109961 0.925331370122 8.89010810852 
1.47416381873 106.712692261 1.76126145164 10.868371872 -0.0638106156795 68.2932629801 nan nan -2.39002565169 0.254600898681 143.363324835 -1.23853488663 2.95216852837 11.0101566315 
4.74956786311 23.9800281525 0.851794882054 7.40122100181 -0.198869791036 16.3251066408 nan nan -0.79170054219 0.0216073058668 37.7835398999 -8.1405546973 1.40442835408 7.45007562637 
9.62798093803 70.8138580322 3.63191535954 7.29610697023 0.249627751537 14.426234096 nan nan -1.83047822608 0.129747776368 71.6608764977 3.73273735928 3.83438151732 8.15009117126 
1.17531486164 31.3584251404 1.97442555229 7.54605516057 0.515089442837 57.0642395173 nan nan -0.515120015937 0.946369329666 64.2124624637 13.2191456444 2.25248399602 7.80008363724 
1.00133108098 50.2348251343 -1.13564182136 10.6195998978 -1.06958474589 3.49610875089 nan nan -1.54211194655 0.0577951442648 -151.818430065 -23.9793453887 2.63180500834 10.6801490784 
4.18931362654 72.5372467041 3.5781076324 8.21466443615 -0.159885622116 57.515394135 nan nan -1.33167619537 0.0656560440142 85.440606559 -2.55044020727 3.59302574792 8.96010971069 
1.40648098952 29.2971630096 0.553108013101 7.46962637147 -0.476280438089 15.5489635069 nan nan -2.94437634064 0.0109712823418 28.2270523141 -22.1596417265 1.26271190072 7.4900765419 
1.3345390898 17.973859787 0.66106916239 8.27372697193 1.06377777645 14.3946369296 nan nan -1.07493459006 0.265063395945 71.1047738755 56.7018722122 1.27272741715 8.30009460449 
8.99823070359 366.715789795 3.56252707876 1.20248801808 0.452325950615 20.7490771916 nan nan -2.86900092644 0.122221362087 26.0208804157 3.18811324614 8.13325759329 3.75999689102 
1.27218042508 93.2545166016 4.39404700194 6.81659114961 0.57936426545 29.9183603305 nan nan -1.81155623243 0.0367213915516 69.0376014837 7.01924403801 4.74101016292 8.11009025574 
27.5265589982 147.73991394 3.63511772837 4.6978725991 0.41999886274 59.0316865804 nan nan -2.92223826433 0.167567731102 43.7135906825 4.56503208355 5.27699277207 5.94004106522 
1.22245631577 20.4333343506 0.184003088084 8.92821314961 -0.696072314928 42.7398492011 nan nan -0.582925769358 1.89854887348 156.746814809 -56.1947274399 0.837699412401 8.93010902405 
4.3281046407 13.964474678 1.09207861864 7.96557529924 -0.123022214066 18.4904516536 nan nan -2.10663159837 0.0873049659731 63.9245068879 -5.77773084823 1.22203925273 8.04008865356 
1.29082984708 65.9888305664 2.19853240942 6.47710574408 0.519399263324 53.4513798037 nan nan -1.09884689268 0.147706353687 47.3824940958 9.86245236826 3.03239534373 6.84006166458 
13.7721161882 74.4524002075 1.38708850159 5.92997702203 0.92886866707 37.7316661112 nan nan -2.23433410999 1.43052001599 28.356549712 17.6436095969 3.0646092115 6.09004449844 
15.6492787205 64.1055526733 2.06523333478 5.65470845808 -1.68614179382 5.34840484689 nan nan -1.39743224814 0.0127657342761 35.9737372857 -25.6218799132 3.89922387592 6.02004289627 
1.13377952739 26.5469684601 0.701794270938 7.26626030544 1.43534032014 45.4384888753 nan nan -1.03133321684 0.0381956602674 29.6327323902 45.3204053522 2.01862098158 7.30007219315 
1.29513408351 22.8092708588 1.94384418654 8.27485080739 -0.0941696371693 36.5754353389 nan nan -1.6814214188 0.173326843133 83.3930558879 -2.75513774754 1.95910446404 8.50009918213 
25.26952795 108.295631409 4.622783539 7.01366524497 0.201927569477 20.3603241079 nan nan -1.98180133543 0.0569324573794 72.1761679203 2.38123619937 4.86005076062 8.40009689331 
2.82172501669 38.7630195618 1.58542308593 6.78735844972 -0.0161425814546 9.51893285307 nan nan -1.65521851392 0.902301089484 42.7909865629 -0.396297806799 2.33387403774 6.97006464005 
10.6229307305 131.840179443 3.9055065918 5.32050370992 0.409684228255 12.1293671615 nan nan -2.96694986861 0.00606212722169 50.8507584618 4.65075344343 5.05272397467 6.60005617142 
5.22081703834 165.604660034 5.46416062635 3.75507690875 -1.01302705131 9.49373357701 nan nan -2.1117470508 0.108789303663 49.0298718852 -7.96863472858 7.30736411431 6.63005685806 
5.96515442901 45.0572509766 2.64906255993 7.85545239373 0.730017681008 43.6792277255 nan nan -2.64607974805 0.0161498388621 76.324996051 14.9900957271 2.82239258037 8.29009437561 
3.18832835773 56.9963188171 2.90954123173 5.52021448953 -2.30044912464 11.2916308906 nan nan 0.100226261481 0.0629660119592 44.3166434731 -28.9149998067 4.75779550239 6.24004793167 
7.65256931857 70.2139358521 0.206226739057 10.4481087412 0.128346596633 48.5083976005 nan nan -1.53282126179 0.0211028091286 173.957175891 3.74846676483 1.96319382236 10.4501438141 
27.6540101044 99.5079498291 2.3051817966 4.26717625845 1.49817990302 21.8184798293 nan nan -1.2860229472 0.0589635205714 28.5725648906 17.2671959461 5.04729659959 4.8500161171 
1.2952468224 12.2518157959 0.792692655267 7.77980421394 0.115716893133 17.3751237898 nan nan -2.27533214107 0.946713537308 47.7434868904 6.16663095364 1.07723442914 7.820084095 
12.0927314765 5.77195644379 -0.195211186307 8.3278076438 0.322563480078 33.6820203992 nan nan -1.50647402891 0.632320727455 -48.5850502749 51.0970941499 0.414493442014 8.33009529114 
20.3327449919 109.97567749 3.3399817294 5.03255857054 -0.987351050198 17.0186354646 nan nan -1.98148519148 0.02159122313 43.927340129 -11.5896397395 4.91462003779 6.04004335403 
27.9795305692 266.871826172 8.70283677651 7.48698038725 -0.053436790094 21.4299790852 nan nan -2.49162838237 0.0957676906629 83.3605879849 -0.349441396012 8.76175965117 11.4801673889 
2.22435639838 92.6983642578 2.5023896091 9.8884206697 0.101861976548 18.0180530121 nan nan -1.36637273502 0.109108156977 119.023174978 2.03853576543 2.86357147179 10.200138092 
12.2428639361 71.0998001099 2.67346076341 6.42612668363 -0.0720089616094 11.990506146 nan nan -0.794989465029 0.0368780336109 52.1983331096 -1.21919257544 3.38430617356 6.96006441116 
12.7472132802 158.865432739 2.31755547074 0.10643583259 2.09657871493 36.1181360513 nan nan -1.83047545409 0.296849815171 15.4354150128 13.5376921688 8.95648508625 2.31999826431 
29.631781223 10.4948863983 0.359489174657 7.96197605755 0.616963613866 18.4797983105 nan nan -1.8278359974 8.82361562784 33.7494897613 43.6355133308 0.89406170379 7.97008752823 
2.16621765816 45.6388664246 0.679463824933 7.05743469382 -0.453820234227 29.1042152867 nan nan -2.33530073296 0.781730024322 25.2209415766 -15.886503239 1.65789582211 7.09006738663 
7.79900952534 43.2274436951 2.43222483588 7.50584669817 -1.61031527062 14.2337477909 nan nan -0.0568921319104 0.0573718444205 67.7680861682 -31.5023138109 3.0817484827 7.89008569717 
3.23048970772 54.1265258789 3.34848539765 8.18138965449 -1.2771962875 20.9066003753 nan nan -1.0422303792 0.160313882397 84.5646368901 -20.7922738228 3.59792959455 8.84010696411 
10.3593058517 8.08685398102 0.723574748245 8.57964398242 0.0791759312911 49.4967213934 nan nan -3.47162430285 2.67977168894 96.2812698112 6.20745407913 0.732237945159 8.61010169983 
2.12223077888 30.8193778992 2.12151785098 7.78623811394 0.523027267937 31.5023636353 nan nan -1.35293706945 0.0197394391905 71.4050400857 13.1520153984 2.29866299075 8.07008934021 
1.34957594542 46.7073516846 0.0059693076117 6.70005580111 0.898673697935 13.8198538101 nan nan -1.89347491192 0.303700858878 0.190014156609 26.5318511671 2.0118273204 6.70005846024 
1.94989464545 124.386489868 2.63427458464 5.21216368915 -0.294136967279 10.3668291418 nan nan -1.24024146007 0.0921520653473 38.702345673 -3.99372209215 4.22324362898 5.8400387764 
1.45111508672 23.9357147217 0.0173862626733 7.47005585124 1.01401862282 7.07393003761 nan nan -1.18651797819 0.17710451611 0.967105709494 44.549508566 1.44544837303 7.47007608414 
11.4210216538 109.415687561 -1.86979334435 11.3978189393 0.168514997519 19.6025942914 nan nan -1.65518604244 0.0438110352997 -147.168209066 2.79744396983 3.45280741711 11.5501689911 
10.3495149561 53.4463653564 2.81165143539 7.07162802916 -0.530676941111 20.6745598624 nan nan -1.06221321317 0.0235210143431 63.068571311 -9.55183936198 3.19800692573 7.61007928848 
1.57160285959 6.21045398712 0.574950875214 8.51070122037 -0.0307355548935 39.9907497327 nan nan -1.70033617814 2.44803608766 91.0662893172 -3.0594594099 0.575871252417 8.53009986877 
1.57662251432 38.6713752747 -1.43907073624 9.98698709946 -0.0210079558 65.7218846489 nan nan -2.06308206119 0.180741633593 -135.93817695 -0.581654879989 2.06941937559 10.0901355743 
6.70976000995 149.846038818 2.61748558117 4.72324880285 0.490727194226 27.7860590925 nan nan -2.71899603897 0.0104739523359 34.7239782327 6.09569849932 4.6212437235 5.4000287056 
4.7192084827 85.8428268433 1.91778472129 5.78020274349 -0.826894523438 9.72712177217 nan nan 0.198758748819 0.117120764332 35.1884471401 -13.9537220266 3.42913252976 6.09004449844 
2.18317337939 61.9505805969 2.5737409709 6.62788972197 0.247939733787 19.6960597644 nan nan -3.09472002611 0.0108070910668 53.9682782233 4.45461809354 3.19224272103 7.11006784439 
3.38206858066 59.3581085205 0.968497147731 6.5083904669 0.788397236856 29.5749711133 nan nan -0.625650662088 0.515315078328 25.9331297186 19.5956434663 2.35075848623 6.58005571365 
4.89029777847 2.65387439728 0.234254469915 8.21675422824 0.1311931841 16.0897211742 nan nan -1.77411283455 1.00350320672 39.5919755197 19.6428067993 0.390275512236 8.22009277344 
7.5650166195 195.908752441 6.85797925371 7.84522168916 0.317796588535 4.58237585263 nan nan -2.14291588722 0.110804202813 84.5461111478 2.64117644524 6.89649249636 10.4201431274 
1.59146209023 84.4870376587 1.67212079269 6.14667069348 -0.178148702807 8.26510816094 nan nan -1.60828224323 0.0781793779614 35.395093384 -3.53121660876 2.89238374539 6.37005090714 
1.26626780368 7.43775367737 0.464998103977 8.09674877463 -0.242323053682 43.7715791446 nan nan -1.36974265334 0.202773759886 49.0678284268 -21.4897572575 0.661479591377 8.11009025574 
1.40307288306 22.2955818176 1.60515219895 7.5002415812 -0.310102907827 54.2418461024 nan nan 0.772212818857 5.47663099283 58.0835588773 -9.312785338 1.91629702583 7.67008066177 
1.1423056431 40.1178665161 1.66065605318 9.53661703808 -1.20219027392 19.7280045605 nan nan -1.12628778817 0.1268566734 121.973292318 -31.5541643802 2.29730600167 9.68012619019 
1.44223243499 24.519613266 0.798157128972 7.69881930234 0.791336945769 44.536366119 nan nan -1.42890207926 0.0993271591258 44.8916817226 34.981943868 1.38027514452 7.74008226395 
1.72461422405 102.08745575 1.95260943475 5.52515847929 0.677473357145 55.0057807639 nan nan -1.2012930367 1.38123418304 33.2798645569 10.7793059677 3.62233844742 5.86003923416 
3.29223604709 119.874710083 4.47822348474 5.85350340986 -0.453943556705 18.8499698078 nan nan -3.20722020346 0.0305946546431 59.4181784209 -4.98740172454 5.22154139441 7.37007379532 
6.79288553041 94.0397415161 1.23828289844 6.16695815155 0.262720799621 26.4106607637 nan nan -1.48155438314 0.0763122950718 27.9575286377 5.68034037296 2.65432684908 6.29004907608 
2.42389963323 25.7808952332 2.09037801803 7.84641250637 -0.269893027926 13.6731470843 nan nan -1.74179645649 0.196392135308 72.6373767676 -7.02509072068 2.20673947638 8.12009048462 
1.40229905856 122.993415833 4.94927054739 9.03313970412 -0.535671844908 17.0033167339 nan nan -2.21675164077 0.106850710368 96.1482431048 -6.14196059298 5.00664171085 10.3001403809 
2.92278185114 118.014518738 4.70043589473 11.280018057 -0.917016496719 39.0588294044 nan nan -2.49334542863 0.023725870249 120.601697939 -9.53222064093 5.53746487598 12.2201843262 
1.30753868382 147.543304443 1.14422395476 5.6350398208 0.0915192221732 16.3014844595 nan nan -1.01177551363 0.676971820589 21.7710580292 1.69922922171 3.08636048689 5.75003671646 
1.61500616976 64.4454269409 3.39650480683 7.15482518475 -0.199003556144 21.2639514665 nan nan -1.64389986218 0.0905830551785 68.3941170078 -3.11805025105 3.65859844774 7.92008638382 
10.0012762001 82.9284591675 -0.00374479621895 10.9201539294 0.364892664459 33.5414574711 nan nan -1.10551325147 0.284877397284 -179.911344132 8.57403775853 2.44751010667 10.9201545715 
1.68883952942 29.2961940765 1.35834068649 7.20311592316 0.255118769982 43.3534195919 nan nan -2.62462824447 0.0124386933567 46.3259049924 7.73592329865 1.89527921852 7.33007287979 
1.13162140653 44.3257865906 -0.952511095163 3.9775384549 3.65365978328 40.2349672424 nan nan -2.6043777857 0.0143899569089 -11.8936795013 38.3280558905 5.89144851673 4.08999872208 
1.84496924681 9.10046768188 0.714520015702 8.22913172198 -0.288270205637 61.9951626893 nan nan -2.00598212961 8.50261836312 69.2387209386 -20.6689014044 0.816705692607 8.26009368896 
1.00570056245 30.6105918884 -0.986658603804 9.1772296556 0.637774541155 16.404292252 nan nan -1.74697513624 1.5965512684 -124.465198293 28.0547660304 1.35605736318 9.2301158905 
23.2502403516 38.4435119629 1.17782180779 7.04225208417 -0.192208735332 10.186189702 nan nan -1.62913943277 0.622970737751 38.9372954928 -5.85577732775 1.8839419829 7.14006853104 
1.29761516581 25.8206119537 0.0923442365897 9.29965902168 0.59039517471 15.5257819436 nan nan -1.13881912727 0.048507090269 173.412689452 36.2576063071 0.998272743947 9.30011749268 
1.85519675197 16.1679019928 -0.258510246119 9.01640595914 0.304307011096 14.4524345355 nan nan -2.04520309736 0.0837931894664 -153.40768208 27.7866019403 0.652767507608 9.02011108398 
4.55261362692 64.709815979 2.25547543107 6.38330195341 -0.19626407718 11.7619423234 nan nan -3.31097597381 0.00939410337982 46.8180179173 -3.63061819952 3.09937084399 6.77006006241 
7.32554304691 76.3551483154 2.22685742091 9.90284737248 -0.292688718428 23.0500461634 nan nan -1.45760447492 0.0261542113148 122.209586754 -6.34569395136 2.64812035403 10.1501369476 
1.80360029095 54.9357299805 2.72406120578 6.42656954538 1.63843704085 6.46239870677 nan nan -1.76190440888 0.0561301329239 52.7232730243 25.5757888999 3.79527327604 6.98006486893 
11.8766983304 284.737304688 4.29037046105 2.38767524233 -0.436346642904 22.6969436369 nan nan -2.49117324395 0.0438761094842 35.0658313168 -3.34402124566 7.48052077258 4.91001749039 
8.72041096795 53.0332374573 0.225494662825 5.69557351631 1.6296945772 11.4570153555 nan nan -0.302951967263 0.0615490955979 4.59707419075 30.0813805867 3.25139357205 5.70003557205 
11.6578894902 46.1546058655 0.166884639545 9.90872620279 -0.0755362187186 38.6336925874 nan nan -0.722899776741 4.0651017865 173.243947216 -3.04800083366 1.42058639923 9.91013145447 
1.65758608358 38.3483543396 1.23069432933 7.1752934393 -0.524871576494 55.6242156735 nan nan -2.14266986851 0.0428524248159 42.8930601831 -16.1868923218 1.88280274485 7.28007173538 
6.43247404198 108.981536865 4.15018287356 8.49003931853 -0.0359854243596 13.3538522355 nan nan -2.0737689887 0.0514546149697 89.8624870443 -0.496786622688 4.15035083456 9.4501209259 
3.54352804969 15.9330511093 0.92621315598 9.04280254328 0.00612500920464 91.4055883158 nan nan -0.924574928115 0.496711512364 120.372219784 0.326891162257 1.07356552061 9.09011268616 
2.38986490346 115.476837158 2.126637592 5.31001174525 0.63407890815 35.0710585886 nan nan -2.65242438189 1.20304953877 33.6898033578 9.39104955465 3.88595787097 5.72003602982 
6.47149839481 117.682052612 4.50574785576 8.71417641014 -0.350494478941 48.3448486012 nan nan -0.260095289741 0.0705874071982 92.7214515594 -4.44298778767 4.5244316388 9.81012916565 
3.18582126573 128.566864014 3.10111908298 4.69897254037 0.832977499465 8.98741658379 nan nan -3.22919966491 0.0784980046516 39.2097456349 9.63701464407 4.97580152642 5.63003396988 
5.6858583499 42.7930221558 0.731571242393 9.893119636 -0.600774347819 37.3804512722 nan nan -2.67017801847 0.0213606787694 152.294613396 -20.8969440221 1.68431250661 9.92013168335 
13.0194013947 64.3978118896 0.186823388762 10.5184864216 -0.456425764664 14.873368226 nan nan -3.03143860583 0.398945399367 174.711987462 -12.6891308009 2.07786305884 10.5201454163 
3.63094084992 38.7777175903 1.47626336773 6.73005289585 -0.0268929927695 10.2320310045 nan nan -1.96539238333 0.062841800924 39.8305401142 -0.668513707063 2.30494891819 6.89006280899 
1.46516774981 34.2162094116 1.74005330636 7.06906351389 -0.213346761968 20.5361881359 nan nan -1.09905628693 0.0384494093041 50.5677583006 -5.40980733603 2.26293649427 7.28007173538 
4.57315611904 30.0788078308 2.30820082046 7.38790108387 -0.118945378349 57.3168410715 nan nan -3.50145447203 0.143523968168 64.2750764793 -2.6580053463 2.56489824942 7.74008226395 
11.4074892233 47.6246490479 2.96778470748 8.0931088706 -0.00974808900775 19.2434494846 nan nan -2.05895243589 0.104300294888 82.193269076 -0.186450836116 2.99556363417 8.62010192871 
10.8958584786 113.267578125 0.756280636767 5.76060606211 0.39128453659 7.91482910305 nan nan -1.83610826508 0.0235096004791 15.4335457016 7.83950531693 2.86868317126 5.81003808975 
15.7483801836 205.015136719 5.5379601972 4.34666878759 0.27036940807 34.218533218 nan nan -0.477102301193 0.102097738745 53.131022319 2.23668528074 6.9276448323 7.04006624222 
3.64353552396 310.51083374 4.29611782288 0.85312285312 0.733542964253 26.5928047643 nan nan -1.90207163457 0.167414428944 29.3278596397 4.7806506324 8.8016727801 4.38000535965 
2.97590340804 67.0819625854 1.00934321713 6.42120913432 -0.673263312531 32.8172129669 nan nan -2.21030334721 0.0154780171494 25.8985861197 -16.2432480544 2.4069542333 6.5000538826 
1.56868648367 19.5975570679 0.667101216815 8.79484250853 -0.665652852108 14.5840132356 nan nan -2.83070560782 0.159712477668 113.84426257 -42.3855100391 0.987446129078 8.82010650635 
6.69078167265 26.589515686 0.826434050172 8.50001861402 1.30259113654 12.7769901397 nan nan -2.32667550541 0.00454794481371 90.0012904904 57.606755519 1.5426395913 8.54010009766 
1.53396243046 46.4772529602 -1.63750859037 9.96650936186 0.397222234556 11.6080094091 nan nan -2.67326846991 0.061499296726 -131.846783477 10.2430056177 2.23380160166 10.1001358032 
4.23688963399 72.7680206299 3.69193880604 8.8184776526 0.771072859919 7.30375333238 nan nan -1.507439044 0.0656550883157 94.9302997147 11.7543957139 3.78502226123 9.5601234436 
1.32705582671 10.5434007645 0.637782618805 7.91443064175 -0.311870942052 18.2751212605 nan nan -0.428017752917 0.125732315031 47.4439286321 -19.8090021623 0.920283449091 7.94008684158 
12.9282046276 210.428894043 6.32939387398 1.38919601811 -1.33615814182 16.2881547404 nan nan -4.32898922737 0.00281873598553 41.6725819254 -7.98967716418 9.61301610634 6.48005342484 
4.2017654298 2.8190600872 0.242823372472 8.38658207187 -0.055517610145 63.3439594609 nan nan -1.16827539461 0.0676636231407 64.9636649521 -11.7033598216 0.273695125415 8.39009666443 
1.53084663204 80.2349395752 2.97650269839 6.34676695491 -0.15168125355 20.9767261152 nan nan -0.98981152429 0.295709935302 54.1176311639 -2.36431702654 3.67681765426 7.01006555557 
3.99106357183 30.4014072418 0.920790968821 7.77575491582 -1.03009364129 7.44656145206 nan nan -1.81821642266 0.0137770431674 51.8132969366 -41.3252540911 1.55996149313 7.83008432388 
7.97311130614 83.0124359131 0.572400706744 10.6647991902 -0.148091837263 8.53500013283 nan nan -1.77795119629 0.093029457712 165.189211705 -3.78381302205 2.24408763091 10.6801490784 
5.66763882254 117.604637146 1.28846063761 5.32640628078 -0.585178923704 25.9000104279 nan nan -1.52422177802 0.062865279349 22.0968670765 -9.69517176148 3.47480391994 5.48003053665 
8.00628876369 6.08705663681 0.380662752941 8.06110648903 0.117165755825 27.2740207837 nan nan -1.35745535476 3.73146139186 40.9358748232 11.4019616725 0.592671460243 8.07008934021 
1.59800956147 14.8290576935 0.320899226624 8.55408353976 0.633228635252 19.6064396825 nan nan 0.594081909258 1.03332772922 99.5665818971 62.800747878 0.711954947609 8.56010055542 
8.07045959971 165.336074829 7.53189775096 -5.1071098809 3.4102970227 12.5014413969 nan nan -1.27649065998 0.0679825995614 28.9656961461 12.367804064 15.9220931044 9.10011291504 
8.97268742071 61.0941314697 -1.91348038126 10.6496144649 -0.631274509357 6.643438552 nan nan -1.38630213528 0.018971791298 -138.3261062 -12.3720690788 2.94631244499 10.8201522827 
7.32784826456 94.9914627075 4.30283692751 5.10967408859 -1.43117559305 27.387790252 nan nan -2.72840180533 0.0428002141232 51.7644333691 -14.6416973934 5.66188828823 6.68005800247 
1.11718653518 1.67142355442 0.0117764781355 8.23008457681 0.279458631347 10.2920556426 nan nan -1.05615837801 0.862229120552 2.49824492684 45.9679630368 0.388703161486 8.23009300232 
3.8866423606 29.4862689972 2.27905898356 7.43878917761 -0.0869648561593 4.73822513446 nan nan -1.83170421158 0.111192246224 65.0316404218 -1.98118567433 2.51552005484 7.78008317947 
2.48274740106 194.218414307 3.92157948903 4.3544545166 0.181234932155 12.5097238915 nan nan -2.21125009374 0.202798708267 43.409717109 1.81906197015 5.70939393844 5.86003923416 
2.02131297198 54.90284729 1.13381535667 6.7859946834 -0.371250689595 9.99824240613 nan nan -0.897448312567 0.048740976676 33.4846554595 -10.2400590207 2.08834349734 6.88006258011 
4.8562260892 55.2733764648 1.18144127095 6.74741020448 -0.442276507946 32.7160011805 nan nan -1.37633611975 0.246450097984 33.9843702967 -11.8186749821 2.15939412279 6.85006189346 
11.4478533604 274.60168457 5.47230674883 2.43607563918 0.440231325216 15.7829001998 nan nan -2.12870579649 0.149790811269 42.0642472142 3.08506477834 8.17992196948 5.99004220963 
2.35903484399 54.9476013184 0.441826147261 6.75562749892 0.581058535267 10.2133874282 nan nan -1.65750231202 0.016153227409 14.213336295 17.8956673886 1.89094547471 6.77006006241 
3.55515971084 47.4210281372 1.70920837555 6.96336838859 -0.921101191317 19.3584390538 nan nan -1.14834718078 0.157874756379 48.0434706123 -21.838841692 2.47609720829 7.17006921768 
26.419510695 25.7258834839 2.03516489901 7.66448807937 0.0848383051669 6.87245267547 nan nan -1.00720964114 0.0786839820254 67.6800013222 2.20840059655 2.20162982213 7.9300866127 
5.61550119445 107.879470825 2.44409525859 5.5890020614 -0.158345477781 18.29397714 nan nan -0.630812514808 0.14048965094 40.0170664561 -2.38550723937 3.80428494226 6.10004472733 
4.99592616014 94.6091079712 2.44669989617 5.43468072418 -0.947363833493 8.47571445204 nan nan -0.16398971715 0.0690589918057 38.5964341137 -13.5795542723 4.03485078753 5.96004152298 
2.50799008384 39.9202232361 2.73964635386 7.24969768345 0.130916330632 16.2433358045 nan nan -1.56481291925 0.116021654683 65.4692949821 2.48923188564 3.01430872882 7.75008249283 
8.6531774641 65.6666183472 0.53830826477 6.40747973396 0.686836620645 20.0012770574 nan nan -1.99498044401 0.00759946093872 14.4267217934 17.6346263302 2.26719240365 6.43005228043 
1.25031134831 159.288726807 2.30666734896 4.68272809555 0.115291871944 10.2193540747 nan nan -1.72902468223 0.267525828664 31.143358578 1.48075206292 4.46156601061 5.22002458572 
2.14852855601 98.7656555176 6.26063404061 5.99792870149 1.53202402539 5.15970874009 nan nan -1.92179576989 0.186346958797 68.2158098535 12.8020744534 6.91397114455 8.67010307312 
8.00017574877 69.9848632812 2.4560935141 5.8666727606 -1.3401688431 19.7916490645 nan nan -1.67085151243 0.0276372758023 43.0055407065 -20.4138266436 3.84224676821 6.36005067825 
2.87562693535 32.4437522888 1.22423997268 7.69328512395 -1.02953519413 14.4109103414 nan nan -0.918935883985 0.0917706262127 56.617051765 -35.0769248153 1.79150638232 7.79008340836 
10.1589943855 127.164375305 4.41769465999 4.27867247117 1.20024043988 13.7246942396 nan nan -3.91078423815 0.0377174081726 46.3021231501 11.113086507 6.22705462703 6.15004587173 
1.29184263704 55.6169281006 1.1101779158 6.11000751069 1.32407536745 48.5248856545 nan nan -1.91085611294 0.117933933352 24.9153890521 26.6771093698 2.94919220845 6.21004724503 
3.89181471591 73.9477539062 1.15269310448 10.3662524106 0.206550542786 24.1653220321 nan nan -0.277906936522 0.0709494230533 148.298397167 5.3792973949 2.20323911093 10.4301433563 
3.01545629938 95.180267334 4.99699557031 7.74858490848 -0.851188090697 28.2711432108 nan nan -2.64971445882 0.0194072426551 81.4483134409 -9.56149500699 5.12436440305 9.22011566162 
7.06322131664 177.057571411 3.2642100582 3.95753254074 -0.615250874046 13.7635771459 nan nan -2.95920886678 0.325268404404 35.70096543 -6.27677044521 5.6273982941 5.13002252579 
1.58185232902 9.37383079529 0.153732759132 8.92878566324 0.0831448863182 8.48057958265 nan nan 0.119540529376 0.337272114232 160.275692302 10.3443615307 0.463037772061 8.93010902405 
3.26505961611 54.6994743347 4.44665907674 4.4204901008 -3.53589604199 15.7873345951 nan nan -2.33853234673 0.0141676752508 47.4657159037 -30.3680384123 6.99412173058 6.27004861832 
1.50302740241 77.6935424805 1.61149252824 6.05942253911 -0.743045105973 22.8872593426 nan nan -1.32645431763 0.0649006357084 33.4364431913 -14.2553283828 3.01752258329 6.27004861832 
3.45344867269 117.480819702 2.1047649697 5.3831957798 0.540633608206 6.72976221031 nan nan -1.48313670131 0.15168018651 34.0309937154 8.18025446869 3.79957745322 5.78003740311 
2.25825885291 67.6455688477 2.89950330184 6.59043907717 0.169675521011 8.25830316586 nan nan -2.41507499278 0.0514920562416 56.6318157699 2.79794429143 3.47596491608 7.20006990433 
3.9217571245 39.5986480713 0.2338720778 6.77602548732 1.11396704828 6.89544044034 nan nan 0.105412979658 0.3569433673 7.72550767463 32.6313221366 2.06584289185 6.78006029129 
2.70569112083 37.5206565857 -0.165885936923 9.83873149171 -0.715447920645 24.2398260434 nan nan -1.48756112389 0.0186553698498 -172.936326762 -27.9399613858 1.52695313553 9.84012985229 
1.40084289815 88.142616272 5.79899460787 7.30908795801 -1.41439249191 13.8909546827 nan nan -0.901225052359 0.091394017952 78.3947913231 -13.4370435244 6.08663421564 9.33011817932 
1.10706723374 127.481468201 -2.86328106261 15.2436798475 1.20087100871 7.7300349805 nan nan -3.5970186666 0.0212615213103 -156.994537558 9.30862931128 7.42412873736 15.5102596283 
1.19877624763 81.168006897 0.992175813375 5.77543478721 0.8953825469 32.2962742306 nan nan -1.29282236535 0.0673406721774 20.0095658839 17.1604479442 3.03469575884 5.86003923416 
9.25210212042 260.056854248 8.3519636774 5.85555461319 -0.256319688948 28.6332490457 nan nan -1.38151428364 0.755428124468 72.4308805208 -1.67589223197 8.76436469206 10.200138092 
1.6937618161 43.6295967102 -0.663981519028 10.4490693182 -1.30253962412 19.0678422111 nan nan -2.52841794131 0.0141384899416 -161.187772227 -32.3169688857 2.4364630383 10.4701442719 
1.01325599534 42.7571563721 0.881413064953 9.74032977238 0.116886731478 16.2352445426 nan nan -1.84764098824 0.0332218598851 144.601332818 4.39269942562 1.52609614485 9.780128479 
2.14061198178 67.5480957031 0.934592019616 6.66485062679 -0.259077740168 12.8801551049 nan nan -2.67372502848 1.00217809737 26.9885155571 -7.17019671689 2.07565814637 6.73005914688 
10.6555060528 166.662506104 1.38717350574 4.57430742603 0.443116201058 21.2264783666 nan nan -4.15033010358 0.0217918452974 19.461251076 6.07494999815 4.18708305243 4.78001451492 
2.45348017052 31.406621933 -0.867621621766 9.24951412218 1.93803386651 19.0685514091 nan nan -1.18323847259 0.0285773593919 -130.822819724 59.3916051138 2.25178017702 9.29011726379 
11.7439551545 51.4286384583 0.993202659443 6.61592228009 0.972350444418 6.61404086489 nan nan -1.43020283323 0.0175854546208 27.7962203162 24.5384879983 2.3412957447 6.69005823135 
1.64327473297 19.7818393707 1.669731759 8.32428832327 0.307167365303 40.8241216089 nan nan -1.88945119225 1.12562739791 83.9926760665 10.3677113989 1.70681883358 8.49009895325 
12.9609630066 16.6904964447 1.368449033 8.08510118858 -0.235388927926 10.5977144614 nan nan -0.0233774187665 0.157866237563 73.1332691575 -9.34773756269 1.44920727539 8.20009231567 
12.9903619071 109.730041504 4.51363268551 6.52022957151 -0.246683236037 13.6266330985 nan nan -2.59075304651 0.0140553861943 66.3167734834 -2.86526683435 4.9348985388 7.9300866127 
1.26755448782 31.8123836517 1.91699558729 8.82428684037 0.203833716465 11.4898649755 nan nan -1.15949917699 0.105277362805 99.6014908074 5.98504124992 1.95488675388 9.03011131287 
2.05784872797 74.0266036987 1.7101731013 5.94911650517 -1.01816315678 4.57990094434 nan nan -3.18732755533 0.119806742479 33.8388422977 -18.3418912076 3.23548371259 6.19004678726 
1.12163489231 25.5176849365 1.73943424633 8.01348129643 -0.562302647435 9.53181075461 nan nan -0.767026202483 0.129089425698 74.3737261254 -17.2923737343 1.89169664945 8.20009231567 
1.80665375398 100.95349884 4.11129062061 6.46329031309 -0.180973820682 8.45134896106 nan nan -2.30207707662 0.317459191336 63.6464500626 -2.25880119195 4.59169341743 7.66008043289 
3.07106219836 80.4938964844 1.61423673708 6.25511983051 -0.331046685208 30.6910878701 nan nan -2.5462350452 1.76223921228 35.7189597831 -6.82737464421 2.78475117856 6.46005296707 
2.29667052342 92.4265823364 5.0438369568 7.76591705953 0.938229004162 14.0220133947 nan nan -2.00208512054 0.0481623532822 81.7192801209 10.4299982327 5.18260963942 9.26011657715 
3.92809922496 88.5294570923 3.37946139011 6.10741731726 0.643685881418 12.4979688645 nan nan -2.2481234591 0.083899081087 54.7023643209 8.83614650928 4.19041080264 6.98006486893 
1.55254029352 40.7188148499 -0.353461134602 9.84378625542 0.0188237418943 16.3574964512 nan nan -2.9371174463 0.0483560591711 -165.263089786 0.77614890026 1.3896224693 9.85013008118 
13.9866846923 90.0971450806 3.57088060381 9.39436098804 -0.512000062251 59.8512512792 nan nan -0.466470860094 0.166419071244 104.06101979 -7.91823878392 3.71661323349 10.0501346588 
1.68435823018 153.021408081 4.56748526329 4.38264888691 -0.80301190539 22.1042235003 nan nan -3.53090254331 0.00932326905518 47.9669793189 -7.43986216618 6.20155867013 6.33004999161 
3.69900293082 117.924911499 4.38490738159 6.20755901841 -0.0198231625088 15.1407231817 nan nan -1.66844683924 0.0351843189283 62.3993145024 -0.229542765102 4.94803914263 7.6000790596 
3.65679731425 124.776527405 1.02645717136 5.99277264671 -0.000176343564312 18.265578578 nan nan -2.21168427426 1.89915371673 22.2641593087 -0.00372940917552 2.70920714542 6.08004426956 
3.24030456455 163.367843628 5.18399316216 5.15396679364 0.32624955954 19.6937790111 nan nan -3.1411745611 4.86429594047 57.1595859273 3.02676322795 6.17868611426 7.31007242203 
3.04910136999 38.7094917297 1.01253214882 7.27999702713 -1.25484910185 48.9285087789 nan nan -2.07462739866 0.0888895802509 39.6907177277 -38.3609745984 2.02194828683 7.35007333755 
1.53870088799 76.110824585 0.390096221233 6.39817077823 0.494250310551 7.93837308495 nan nan -1.56813230649 0.0791807545997 10.5143679111 13.0182685201 2.19411588317 6.41005182266 
1.36649119525 13.0459842682 1.08568613052 8.6623327846 0.327261908501 10.6733627528 nan nan -1.27936210877 0.151622826652 98.5039182504 16.6003304294 1.14549843462 8.73010444641 
4.33817566383 49.8208465576 2.69971506754 7.42447952338 0.876420602839 24.540112605 nan nan -1.57836606961 0.174329982541 68.2785053967 16.7824402652 3.03534492515 7.90008592606 
2.24777416083 29.6786346436 1.31244981997 6.73334447303 2.32351407604 31.8987859271 nan nan -1.9562084182 0.0403925858554 36.6086869832 46.5534431398 3.20036153309 6.86006212234 
1.08615893439 60.0289726257 -0.676310902428 10.4182148971 0.348198734525 16.920034353 nan nan -3.00036620166 0.00780429260142 -160.578722397 9.71449511015 2.06353754196 10.4401435852 
1.19348439244 86.5363388062 2.83860124501 6.01378460502 0.622902211591 17.7807965865 nan nan -2.89484323037 0.0191322714295 48.7862007223 9.37356792816 3.8245171177 6.65005731583 
1.37145668728 36.1919059753 1.03696382115 9.53389673047 -0.468460848222 25.5957977472 nan nan -2.04958945975 0.21195338569 134.915140967 -17.7403442351 1.53743031776 9.59012413025 
3.18939571907 55.4285888672 2.32230322141 6.81527067511 -0.833440478632 20.8162557696 nan nan -1.77630433192 0.567925005409 54.0407580895 -16.1982792906 2.98764592643 7.20006990433 
1.21809375408 122.964019775 3.86444265898 10.0636845357 0.352781037321 20.5988320797 nan nan -3.21888385793 0.603697717663 112.029925349 4.83706205368 4.1837161534 10.7801513672 
1.8579767085 135.10055542 4.75612111986 8.24694154476 0.0607150650147 68.9062352596 nan nan -2.44622149826 0.153544590854 86.9543411501 0.730346240897 4.7632355608 9.52012252808 
7.40904199956 126.936225891 5.03656358391 5.9560332448 0.533587842683 24.9119036009 nan nan -2.49275271665 0.0236351893032 63.2016729405 5.40208064813 5.66775577916 7.80008363724 
25.5919461003 65.1934356689 3.35802623202 6.82912634252 1.04601630704 20.3588918465 nan nan -1.62178501297 0.00988602068748 63.5461590634 15.5828068703 3.89388097774 7.61007928848 
1.84786314123 45.0391731262 2.42574924313 6.94884332194 -0.151722799508 11.6697415856 nan nan -1.04955088026 0.061049844036 57.4029284182 -3.01637723698 2.88329086953 7.36007356644 
2.29795783197 60.4463386536 2.60037491627 10.0801351907 -1.06676610683 10.4559289582 nan nan -0.588696785354 0.0733765945848 121.285237422 -19.3198625417 3.22440178216 10.4101428986 
1.28759442459 20.1411857605 0.659078244909 8.31401281874 0.915209149559 15.7289482991 nan nan -2.39161583803 0.0954650018389 74.2413120479 53.1938253204 1.14305868263 8.34009552002 
2.99482899554 109.55897522 3.91130004207 5.40290687352 0.868606355492 12.5163356677 nan nan -1.37861765754 0.0415936354009 51.6266865006 9.87641727477 5.06406268266 6.67005777359 
1.23759263012 11.3455247879 -0.183847840921 8.30806091161 0.586370067971 28.4985978377 nan nan -2.11339481887 0.810112511192 -43.7665278563 65.6167109899 0.643793832585 8.31009483337 
1.39701594872 41.4824981689 2.49034198623 8.17938948733 -0.609123529945 11.720152317 nan nan -2.3428816549 0.189264234878 82.6640042407 -13.6360827153 2.58372324058 8.55010032654 
1.09497980654 20.6221046448 0.472002742626 8.49699978794 0.88632449363 57.7308248921 nan nan -0.987220898687 0.0799312268539 89.6358131888 61.9624584313 1.00417463537 8.51009941101 
4.29889654974 10.793586731 0.88706594121 8.5240683637 -0.210275731169 9.1200726797 nan nan -0.868302236108 1.16335097602 91.5541994634 -13.3308800003 0.911965543924 8.5701007843 
1.89831822283 80.0539703369 3.96062940514 6.97389628426 -0.635671246845 24.3329604057 nan nan 0.42407626059 0.329621292409 68.9274039641 -8.51756096064 4.29181264387 8.0200881958 
1.18440949196 30.2005462646 2.4706378211 7.78757638702 0.138737576679 25.1227972329 nan nan -0.636020032857 0.499382700013 73.9147582094 3.08846424386 2.57504306033 8.17009162903 
1.06457351141 130.038635254 5.62663517738 6.06097599324 -0.703587490528 18.6037133391 nan nan -0.985555736086 0.11666598129 66.5643167862 -6.54495482502 6.17275439992 8.27009391785 
2.10734048841 14.7701711655 1.14664965594 8.45267995004 0.465048172738 18.5608466249 nan nan -2.33392663688 0.0109296422208 87.6368530917 22.0590889365 1.2382707392 8.53009986877 
1.05684361466 12.5176086426 0.982731379527 8.86580960507 -0.121594374313 9.28379218008 nan nan -1.91623920659 0.0703422333547 110.417160498 -6.61436066563 1.05563384908 8.92010879517 
3.10357294208 91.1033401489 0.730874009518 10.9558042952 0.264562337589 43.7740054718 nan nan -0.32449073243 0.16164578714 163.42642359 5.89511080317 2.57587747857 10.9801559448 
19.3701256227 15.9225883484 0.523302821641 7.68227875888 -0.238956778756 19.7799153356 nan nan -1.71694403689 0.0181285070852 32.617315739 -13.8276973258 0.999807088108 7.70008134842 
8.95404995 29.9309577942 0.896537415508 7.34556485243 0.426683760522 16.167802414 nan nan -2.43806315807 0.0432808152424 37.8330087102 16.2732553542 1.52268147649 7.40007448196 
1.0765988661 90.9061660767 4.74134093125 7.43733587765 0.799332924499 10.0209884557 nan nan -1.30934724486 0.123480908684 77.3672159595 9.34186976125 4.92427679842 8.82010650635 
19.9085785217 113.188735962 6.396107372 8.50309140331 1.13172973568 10.0072955528 nan nan -1.85295897524 0.0167327732147 90.0276925224 10.034081286 6.49546082011 10.6401481628 
12.9155609486 88.7067260742 1.69600827956 10.8281376153 -0.417202116075 23.9915682932 nan nan -0.58798402096 0.105324049934 143.927304658 -8.24152280195 2.91045124437 10.9601554871 
1.70594689356 44.6883163452 1.9340554741 6.67553904647 1.63192275714 8.20864328309 nan nan -1.36602716478 0.525656887051 46.670213464 31.5408206853 3.11967950807 6.95006418228 
13.8863934371 70.1506958008 3.04005090962 6.41631129324 -0.968734860553 21.6665861761 nan nan -1.89073392515 0.451424909792 55.5727757335 -14.7266873124 3.81078933947 7.10006761551 
1.57129817762 117.489212036 2.47480409711 5.43293136344 -0.426097369115 8.35394845765 nan nan -2.67429453261 0.0266182214971 38.8999059876 -6.17078092522 3.96397834358 5.97004175186 
1.11960061026 47.2495498657 -0.353034839359 10.0439321514 -0.215515222944 13.619635038 nan nan -1.78332170931 0.13371511777 -167.120199938 -7.74901193294 1.59837633157 10.0501346588 
1.61304143131 14.4986314774 0.857580455573 8.29588747786 -0.539226685398 27.6922013575 nan nan -1.58297695959 0.167848999354 76.6121368904 -31.4536980451 1.03337871941 8.34009552002 
2.11116800049 12.4128494263 -0.248819317448 8.75657072657 0.369602364325 25.1329075553 nan nan -1.88666006773 0.0198176609927 -135.878703911 45.9610488131 0.514145405682 8.76010513306 
1.31546651992 55.5357933044 3.18697091801 7.95549142548 0.520054429702 16.7172541981 nan nan -1.885330037 0.271031317617 80.3043729492 9.13778915239 3.27471064826 8.5701007843 
8.48256713016 176.437149048 2.51354532133 5.01543277541 -0.222758773433 18.7070898815 nan nan -0.428658331861 0.77088071427 35.8042849974 -2.96791544319 4.30229477096 5.61003351212 
10.9193452737 34.5687713623 -0.543520346134 9.55467700867 1.33607247833 9.47352159902 nan nan -0.363730099279 0.0716246060653 -152.736004869 48.3935472279 1.78685411453 9.57012367249 
11.8459371872 115.898124695 0.857387320746 4.92596005727 0.868629438312 17.030027683 nan nan -1.78163646956 0.378566942819 13.4899387611 13.2969253392 3.77669056597 5.00001955032 
1.77351622842 9.22633934021 0.684588910427 8.44238749092 -0.431841251152 40.3251098308 nan nan -2.22847946677 0.286383768612 85.1895309114 -32.1527201053 0.811460438763 8.47009849548 
6.32819779745 80.2178497314 2.62554988437 9.79432797489 -0.368747160096 34.20133886 nan nan -3.68054136502 0.0344823177972 116.242101411 -7.17975826457 2.95038498674 10.1401367188 
3.94159559709 24.6887207031 1.04444593345 8.2945968829 -0.897074666251 21.602978623 nan nan -0.607133975052 0.278515081829 78.8740670669 -40.1227618746 1.39204910303 8.36009597778 
1.79023752614 44.8038711548 2.13452434769 7.30459530612 -1.0482647256 21.1140920323 nan nan -3.66534648164 0.0292847575247 60.7497216441 -23.1942397498 2.66158702807 7.61007928848 
1.36360197252 38.0632400513 -1.05349621812 9.96459886491 -0.0506248561104 20.7510034934 nan nan -2.66503770317 0.1040727723 -144.272271156 -1.60732384303 1.80484542074 10.0201339722 
4.44854122132 75.349395752 1.55989481432 11.4645344102 -1.00760906168 11.0700250124 nan nan -2.15598709168 0.0298998000116 152.247308563 -16.7407121976 3.49814409686 11.5701694489 
5.39448521299 24.9988212585 0.555178939914 9.03306699884 -0.867158000728 18.123724497 nan nan -0.881275619105 0.324576733191 133.835973978 -48.4086464934 1.15945982199 9.05011177063 
4.6959412142 66.0617828369 2.15273789612 6.41867843089 0.298228719189 19.589878925 nan nan -1.88973924182 0.0768508334555 45.9663223162 5.68772389713 3.00917269235 6.77006006241 
6.00672819221 125.527397156 4.47203634957 6.04586242082 -0.08640000894 15.4414821717 nan nan -2.94322732078 0.0571469455949 61.2431618016 -0.970343254419 5.10189820861 7.52007722855 
4.84852507202 21.49559021 1.81449953308 8.15056381242 -0.0813715609747 30.4845363243 nan nan -0.515223721343 0.115791807148 79.0994320804 -2.52144981948 1.8496311891 8.3500957489 
1.99940734493 25.7925548553 2.12871968632 8.45628583136 -0.166340982733 11.5211048802 nan nan -2.43844383111 0.0344534581935 88.8235720271 -4.4671509024 2.1356562818 8.72010421753 
1.60918366721 14.8263015747 0.962087695634 7.6397408358 -0.0917041470611 51.9166472132 nan nan -1.03865935325 0.609601378976 48.1982298983 -4.06433330777 1.29385788024 7.70008134842 
1.43227239357 78.4036331177 1.58133216614 6.26351921189 0.203424312821 13.0578412784 nan nan -1.68379716548 0.0700499558965 35.2627062395 4.24743881149 2.74660502918 6.46005296707 
3.73958267826 33.7593612671 0.508436422243 9.61669386025 0.721184208233 20.8778662156 nan nan -0.734584374509 0.905853758989 155.519983354 30.4455371599 1.42324257778 9.63012504578 
1.78562208951 16.4078826904 0.0396012154182 9.04002480256 0.185910456086 17.192867068 nan nan -1.6359641446 0.409945790853 175.805880893 18.9494409985 0.57250130247 9.04011154175 
1.04260752684 21.5335578918 1.70382001558 7.785839233 0.110026967407 12.9053863766 nan nan -1.30745224661 0.310228646501 67.2588737279 3.40831043393 1.85071180365 7.97008752823 
1.67883144493 27.1094532013 0.224038940209 7.57676699941 0.115220024889 6.61036103156 nan nan -2.37938421312 0.173616022921 13.6401754679 6.91509953291 0.956989171438 7.58007860184 
2.97153303789 37.7586936951 1.12636818839 7.34420259221 -1.28472142752 7.78803540233 nan nan -2.0146147016 0.0569250399569 44.2611944485 -38.5215661788 2.06278503242 7.43007516861 
9.14559923216 69.8561782837 3.51973775585 7.02797143582 -0.323187105913 18.9695460927 nan nan -2.74338718403 0.00924768075422 67.3042898456 -4.84204297566 3.82882121144 7.86008501053 
2.42555109423 33.3824882507 1.92033896315 7.58063411065 -0.628628936506 18.2058712463 nan nan -1.46609567932 0.0228882823141 64.4171434001 -16.4497621579 2.21993461879 7.820084095 
2.52727137155 187.790023804 1.27810048357 5.24659596073 -0.0173999248941 24.9823684823 nan nan -2.14760268455 0.514767334978 21.4473925712 -0.285208971687 3.49549444946 5.4000287056 
6.20742541452 17.2449493408 0.982909712188 7.95962958724 -0.535033643578 19.2442249114 nan nan -1.95074828462 0.243903700115 61.1994974997 -25.5013017201 1.24272792077 8.0200881958 
1.1031826556 33.7802047729 1.41816352646 7.52765863005 1.19498969176 11.9786066116 nan nan -1.38486832899 0.20856245456 55.5641330893 34.7980923561 2.09395221792 7.66008043289 
1.01916698902 32.0942611694 -0.93462983036 9.01177543683 1.4143610388 14.9213217471 nan nan -1.09814739976 0.051203381926 -118.70379912 53.0057862595 1.77083713696 9.06011199951 
1.18983137618 12.9496641159 0.193121303937 7.85771216925 0.182204263157 84.4368712543 nan nan -1.35401153467 1.96231333331 16.7348343567 15.1984827174 0.695002078474 7.86008501053 
1.6952520708 35.8731536865 1.52057754976 6.89437348302 0.0679375983219 16.8313062628 nan nan -1.68242897443 0.0225239459879 43.4416419686 1.75967823626 2.21242132383 7.06006669998 
1.20782497608 11.8345251083 -0.129974415439 8.02903647766 0.648930900254 16.7961018655 nan nan -1.82316188632 0.0210360217881 -15.4282031297 53.0245149301 0.81228769617 8.03008842468 
12.616624535 74.7128143311 3.46140905896 6.6986132029 0.542850379324 26.2215249283 nan nan -1.8429415814 0.18134561777 62.5066255482 7.92002220327 3.93967430133 7.54007768631 
11.8197671753 85.0176544189 1.54188155572 6.1806269769 0.0647404106664 11.0918971084 nan nan -1.66891608458 0.0815329113203 33.6153152749 1.33160698334 2.78587172586 6.37005090714 
1.1443696304 51.4361457825 1.2744386934 6.6897486156 0.882494519467 3.19314569462 nan nan -1.7326646777 0.107024448149 35.1460051174 21.7332847285 2.38327519075 6.81006097794 
2.64216693786 90.3125 0.445486142056 11.5715976366 0.602305829531 36.8610903581 nan nan -3.16674027751 0.0294391323575 171.747703917 10.9822266347 3.1616360094 11.5801696777 
2.43144348157 111.747947693 4.85693931192 6.02652586264 -0.764480001719 21.9652249228 nan nan -1.98990414001 0.037411046276 63.0118019733 -7.98414910524 5.5038498763 7.74008226395 
1.49314925566 102.731994629 4.2412883522 6.72423657685 0.0364757807399 8.99848410196 nan nan -2.40049438558 0.214875373867 67.2816750154 0.454513194868 4.59817280059 7.95008707047 
1.6126587373 60.254486084 1.98596908261 10.0661009657 -0.726696266295 40.3293215659 nan nan -2.95848290289 0.0127636148949 128.258702753 -16.0306809021 2.63150772281 10.2601394653 
1.64027067822 68.4095153809 3.6273270095 7.05186304824 0.900513425199 37.8686090785 nan nan -2.15190905574 0.142922355146 68.2366441911 12.9834015868 4.00818241774 7.9300866127 
19.9087244347 47.4713172913 2.87957492794 7.9336813181 -0.480413325669 19.9710360849 nan nan -0.711120300291 0.0628882474833 78.8737813433 -9.29680693217 2.97379649247 8.44009780884 
5.88081081799 102.149490356 4.44751997471 6.4929044156 0.496758223056 18.280159723 nan nan -2.1073058568 0.00979646945051 65.7110945696 5.81305734407 4.904654457 7.87008523941 
8.42364765171 74.6572875977 3.07156622241 9.04269508265 -0.241354674753 62.8574281878 nan nan -2.48844065939 0.0785790253467 100.019810108 -4.42464965459 3.12846433421 9.55012321472 
1.06954082538 41.4304733276 2.43941019175 7.60859934155 -0.65986175407 78.3803979211 nan nan -1.97685932284 0.330149317531 69.92686404 -14.25545796 2.67968930138 7.99008798599 
1.72065398606 35.6423377991 0.209025628558 9.60785110645 0.109074972363 48.261368488 nan nan -0.873842966418 0.0346107059259 169.315231532 5.52612834068 1.13266196946 9.61012458801 
13.4351712384 164.755371094 4.96720990291 3.45396194763 -1.08389254399 46.8777621999 nan nan -2.21302201813 0.0348336538166 44.5489548454 -8.70316333475 7.16313459963 6.05004358292 
1.08980505974 13.0046749115 0.874724169052 8.95750238137 -0.152493213679 60.4311283811 nan nan -0.661614745032 0.25291551289 117.610680231 -8.78160201154 0.998851831406 9.00011062622 
5.25913162531 149.352828979 1.44833816258 4.54481604203 0.62563747013 18.2977459947 nan nan -2.63422346463 0.032281691789 20.1120893421 8.44871236928 4.2582374075 4.77001428604 
1.83923090251 56.3084564209 1.29719072688 6.4815231106 -1.10470189593 49.2217300034 nan nan -2.35119327385 0.0868128155184 32.7271601648 -24.7220172958 2.64146152988 6.6100564003 
1.00582829181 21.0432071686 -0.912245856727 9.48636111792 -0.127486997588 12.2164093014 nan nan -2.75380276338 0.0148886602329 -137.235500381 -5.42050079062 1.34957537493 9.53012275696 
7.65005351527 119.084236145 3.25457971079 5.44095099265 -0.17870607986 31.3537369779 nan nan -2.97326576941 0.023544029161 46.7738617427 -2.29117452595 4.47012368802 6.34005022049 
1.30132809901 35.0559387207 1.05905939284 7.4956307123 -1.10509940961 5.92595745695 nan nan -1.06494623085 0.225064276448 46.5182394203 -37.1307062141 1.83074006041 7.57007837296 
2.37043744571 48.1140174866 1.87033291191 6.78707503225 1.20054086464 31.9343106823 nan nan -3.18395305029 0.0140463131851 47.5153133196 25.3311906851 2.80598565823 7.04006624222 
1.04358189782 24.5217189789 0.267348437217 7.52532998134 0.431648234343 16.2192349646 nan nan -0.0267180058886 0.123881822813 15.3387633554 23.1268699835 1.09898909475 7.53007745743 
10.6709580042 0.422426998615 0.0746962900837 8.46976912244 0.0253838711276 27.8956412333 nan nan -0.414378521721 4.30594079342 67.9659711622 17.4847988568 0.0844853988789 8.47009849548 
8.42347805752 108.16658783 1.30001413895 5.87799963521 -0.295626923109 26.1603053079 nan nan -1.55451509916 0.0252146083972 26.3726764436 -5.76811915545 2.94148227125 6.02004289627 
1.24253768488 86.2695007324 2.94780584612 6.01674530491 0.0377765714595 21.1741432139 nan nan -1.83879946538 0.148796852526 49.8889513281 0.561537373965 3.85454799639 6.70005846024 
1.08777584289 18.5253162384 1.57946184787 8.25026836461 0.0984214789617 32.6024542146 nan nan -0.230465418524 0.823686529556 81.0152366883 3.5220383175 1.60210873729 8.40009689331 
1.54426198971 24.6845264435 0.798438505239 7.45745583433 0.316022526401 10.6120814379 nan nan -2.21154389559 0.129994170143 37.4469078802 13.5313281788 1.35065636681 7.50007677078 
2.34702133176 26.8349266052 -0.304074361818 9.43522217846 -0.512313038687 16.437063306 nan nan -1.11128460516 0.0287667936644 -161.988792891 -27.5174380558 1.10885814701 9.44012069702 
2.37172376899 25.7904129028 2.1448428635 8.0181805626 -0.392602312994 12.5324634444 nan nan -1.63593211893 0.0469820620301 77.339201356 -10.1259253603 2.23307802271 8.30009460449 
3.33800844116 44.5727386475 1.21684368349 7.01531615952 -0.685111442825 28.7309512043 nan nan -3.59898666613 0.166223833628 39.337972403 -19.6413255288 2.03822774618 7.12006807327 
1.61219657648 4.12093353271 0.0548157993697 8.05990271099 0.302459476898 38.1159167339 nan nan -0.986524735324 0.232673770687 7.09984414243 34.2934501918 0.536816664064 8.06008911133 
2.20298281808 93.1994171143 4.07620495313 6.88374585501 -0.123137564692 11.5162425393 nan nan -1.38767294173 0.067663948582 68.3712018085 -1.60855208557 4.38667153329 8.00008773804 
1.06085099426 35.2099304199 2.25308571547 8.61019936913 0.131827920645 24.6878564242 nan nan -0.917628378782 0.640867877463 92.8001292248 3.34456620806 2.25962778857 8.9001083374 
4.77502120053 116.48625946 3.68456969272 1.4235238625 -2.40162844111 15.5341497291 nan nan -2.18085832564 0.0150182762439 27.5050284084 -16.7529364635 8.33188979249 3.94999670982 
7.52464222281 26.2694683075 0.0732801599131 7.27970291224 1.1072340482 19.678547692 nan nan -0.734671974448 0.0167066702965 3.43654661134 42.1676505748 1.64938236978 7.28007173538 
4.0610894627 57.2738723755 1.00177566216 6.72586587091 -0.546474651098 26.7369437681 nan nan -1.22841706959 0.0649563596519 29.451510116 -15.014374471 2.1094409045 6.80006074905 
1.41095729568 39.8643493652 1.62191456051 7.11761527364 1.33995304342 12.5451550185 nan nan -1.18933743129 0.0754144630121 49.5584935806 32.1600688473 2.51735347773 7.30007219315 
1.05768395927 91.432472229 4.376661327 7.88715662303 0.471281619414 8.94897901877 nan nan -1.80713391222 0.0771046743118 82.0289671014 6.08703137626 4.44441759298 9.02011108398 
2.8496878004 126.575073242 3.29313780259 5.32385661445 -0.190557663322 9.81546640688 nan nan -0.0567964828355 0.372397584281 46.0360587977 -2.38498732965 4.57918722215 6.26004838943 
1.35236792322 73.8758544922 3.75873583178 7.11869622629 -0.5428971948 9.55374514565 nan nan -0.690516454051 0.578653126459 69.8220448995 -7.72060174134 4.04114247862 8.05008888245 
1.3123478839 23.8893756866 1.81529783124 7.55505677298 0.0459031905197 3.8375732661 nan nan -1.19524922606 0.0410784597165 62.5010184402 1.28492489321 2.04702980469 7.77008295059 
4.47216470657 90.4984741211 2.41397244255 5.51485752486 -0.976782321688 25.9435763626 nan nan -2.53980395996 0.0167914255 38.9611651574 -14.2750472496 3.96136873495 6.02004289627 
5.43820088018 90.9997024536 9.90495861018 7.9968547009 -2.59083974178 17.1757859248 nan nan -1.91383843547 0.0300870818358 87.0920277533 -14.6403767867 10.2505517329 12.7301959991 
1.94347694042 126.830856323 2.03061071517 5.24036252309 -0.449201113867 37.2535298974 nan nan -1.99926825184 0.0374361591771 31.9210899371 -6.67142913628 3.86657445268 5.620033741 
1.6072320228 33.0115470886 1.74962088408 7.59106226237 -0.68416220686 9.2904500162 nan nan -1.57525767627 0.70498125862 62.547873438 -19.1369083258 2.08696405675 7.79008340836 
1.12252179252 18.5848731995 1.20488837583 7.46344595655 -0.237653989881 14.3879098804 nan nan -1.61603481402 0.0227653061182 49.294901823 -8.50409714327 1.60707177877 7.56007814407 
5.02024741021 67.4328918457 3.45661371535 7.09262109037 0.392317146331 29.8924101018 nan nan -1.61300507842 0.0666712603219 67.8460392313 6.00080592687 3.7527065587 7.89008569717 
1.07100997539 66.3734970093 3.54177336027 7.62794697603 0.185465176675 13.18344505 nan nan -2.13421306564 0.0680973693874 76.1678120899 2.91078197087 3.65226400249 8.41009712219 
2.55392839955 17.445608139 0.31144984324 7.74382190141 0.373823400186 14.3500820904 nan nan -0.778724856519 0.042140960333 22.3854726045 24.565393479 0.899194226052 7.75008249283 
1.26881796946 35.0932502747 -0.840385116877 6.95950946179 1.74170536416 36.0325156173 nan nan -1.86906556776 0.0311355247868 -28.6138291249 44.785260904 2.47242711086 7.01006555557 
1.06434011256 121.684585571 2.15592356357 5.3413499417 -0.43824913942 8.08863040233 nan nan -2.1605605086 0.0642382244093 34.3153295897 -6.5373878695 3.8493036917 5.76003694534 
1.21274998194 69.3664398193 0.851953829844 6.54483889318 0.413258337914 10.1482253451 nan nan -2.00538281503 0.190779040138 23.5449768976 10.9663486211 2.1723864149 6.60005617142 
12.8732177016 161.785461426 5.33462269727 2.5203718864 1.4449784162 14.9112861913 nan nan -2.78405281611 0.0196540528142 41.7372005783 10.2217800534 8.1426110261 5.90004014969 
10.3220550429 18.7188453674 1.35821318175 7.64029716704 -0.186698597448 20.1135250604 nan nan -2.66188604846 0.0141845535041 57.6675783415 -6.62506234452 1.6182361924 7.76008272171 
3.58141513206 32.4438056946 0.0540801940764 9.54997009152 0.545412323614 28.0823306822 nan nan -0.408057853046 0.17140765884 177.05150539 27.4188143404 1.1844139746 9.55012321472 
2.38420727245 62.5187034607 4.29835224716 4.83588216542 2.58183430617 41.5056841474 nan nan -1.37904986017 0.0404100270294 49.554163963 24.5656874593 6.21027051994 6.47005319595 
1.18313034793 92.2993087769 4.40644539543 9.28786928286 -0.854068419682 17.7850342274 nan nan -3.41314953856 0.0621676290512 100.13732289 -10.8020188833 4.55707492755 10.2801399231 
12.0673866758 138.412796021 5.13138363774 6.28032371128 0.0359187528798 12.6520488403 nan nan -1.43497288386 1.22275113379 66.6081985115 0.36809243376 5.59100626195 8.11009025574 
1.84939593569 254.489868164 1.45391332229 4.27979128812 -0.140145980906 16.6179630289 nan nan -2.69816250665 0.109032582928 19.009453704 -1.7983411774 4.46583322758 4.520008564 
1.80344691319 204.720489502 4.25124688619 3.37818281229 0.545664620915 29.5540881771 nan nan -1.3797015414 0.149001128015 39.6935913056 4.6864778783 6.67861222636 5.43002939224 
1.05088852508 30.6491031647 0.935233018658 7.65314949086 -0.919490817647 32.5223569172 nan nan -2.01001511061 1.68621761483 47.8392603046 -36.0840959524 1.56117902489 7.7100815773 
1.66122722519 27.8345012665 0.368816610119 9.11265286516 -1.13800755706 55.6139662282 nan nan -0.186439788745 0.0816984914481 148.952087776 -57.855579603 1.3440351279 9.1201133728 
1.01759276213 83.6150054932 2.57526977972 5.16345955282 -1.43318691184 6.52275472528 nan nan -2.50623349036 0.159476204194 37.6623358874 -18.7799318853 4.45180203044 5.77003717422 
3.1874125181 84.4950561523 1.41692606945 6.31299523778 0.200404359398 20.4500502231 nan nan -3.85425045974 0.00530873268703 32.9385688772 4.39763836423 2.61358589366 6.47005319595 
21.5392907218 105.76260376 2.83752617805 5.63605982122 0.474772024233 9.94231429424 nan nan -0.805129334629 0.0267258881716 44.7345595257 6.71638944406 4.05944782375 6.31004953384 
1.39970767327 49.8620643616 2.58063762683 8.79950621897 0.335953372954 13.1875329182 nan nan -2.02560916725 0.103409385921 96.6200733691 7.36827470931 2.61959141948 9.17011451721 
1.12741725427 52.5994300842 3.10328007298 7.98850926279 0.227934260738 27.9478795364 nan nan -1.91079162799 0.0653944188759 80.6405092228 4.14507359462 3.15339880332 8.5701007843 
10.8536907688 41.2005844116 2.90310059459 7.71175358764 0.140201869606 30.4755930284 nan nan -1.68842248241 0.0671213753241 74.8093474516 2.66841993678 3.01147505936 8.2400932312 
2.00313827819 54.3783531189 0.0391234066632 6.11992013237 1.25965482354 24.2939994201 nan nan 0.0407260395743 0.0915320085534 0.941734875753 27.8867853452 2.69314706091 6.12004518509 
4.57610444038 171.923248291 7.69098589729 9.40615097445 0.789412677962 15.1576741366 nan nan -2.83449531283 0.0104411960596 96.7196029071 5.82041016702 7.7843141019 12.150182724 
1.19745194091 19.9587688446 1.67128109887 8.11988203394 -0.161580967977 11.5397229364 nan nan -1.08587890169 0.0509829757322 77.1865625277 -5.3855449856 1.72156283323 8.29009437561 
1.21829690281 5.68507957458 0.315599756133 8.92453046246 0.0392147073891 37.9994915546 nan nan -1.32474446461 13.5275740694 143.372556211 4.23966303374 0.530440489499 8.93010902405 
3.34212791436 39.6009902954 0.0319954961954 6.94999053424 0.862023406658 9.19341812737 nan nan -2.5012610989 0.0501555337829 1.18253896347 29.0750348985 1.77387637939 6.95006418228 
1.32819977343 101.013496399 2.62728247889 10.0421481325 -0.132838653205 16.7355897589 nan nan -2.05258239623 0.0703905697487 120.411852472 -2.49677018624 3.04934094426 10.3801422119 
4.47484830497 62.2119102478 3.72858937512 7.34824861655 1.23704029771 5.53657851688 nan nan -2.52656634912 0.0197476846553 72.8342198459 17.5882417333 4.09379758606 8.2400932312 
1.13375735198 165.24798584 1.49022650352 5.12787644917 0.204355969781 32.7717034317 nan nan -3.12798144713 0.587615366473 23.8418451117 3.17266489743 3.69239131678 5.34002733231 
28.4963680498 197.530761719 4.05538588612 4.40845222133 -0.145066700249 73.1363897683 nan nan 0.537808291283 0.764218485006 44.7456822038 -1.44249770853 5.76263500995 5.99004220963 
1.04026683103 103.762588501 2.935606948 10.4350909571 -0.395383283074 13.5263169909 nan nan -1.88146621024 0.0371048874466 123.392039009 -6.41607580441 3.53817652274 10.8401527405 
1.5964457806 53.376914978 2.02322808002 6.76395519976 -0.406128600486 15.4266119804 nan nan -0.936726424788 4.4438393154 49.3685289921 -8.66178717772 2.69670981982 7.06006669998 
1.68825541295 78.8173446655 2.12138344102 10.3448742305 -0.260391717778 27.7765100889 nan nan -1.16234458479 0.152416062058 131.012054672 -5.29168218774 2.82340795439 10.5601463318 
4.8501628707 96.6703643799 3.99225027865 6.32562086764 -0.432882862735 10.2949672004 nan nan -1.92094217779 0.014121204888 61.4250791819 -5.4394806169 4.56654951484 7.48007631302 
1.38637269294 30.3603420258 1.95176814482 7.64487105304 -0.5537649038 33.8582413635 nan nan -1.88469274437 0.836535652413 66.3403130672 -14.5675775075 2.20165846028 7.89008569717 
1.03541392585 40.552822113 2.09997791464 7.62624125874 0.948097057517 10.6584750382 nan nan 0.490659619183 1.85622603562 67.4087837411 22.6281857715 2.464193501 7.91008615494 
3.46085906562 29.516160965 2.26352314518 7.43307823384 0.260832119173 56.2558830881 nan nan -2.18339793452 0.012063381218 64.7629442394 5.95067981213 2.51592775697 7.77008295059 
1.28017255268 24.4357852936 -0.453612229883 8.94862011556 0.848902112688 6.85188365373 nan nan -2.23620170721 1.59391812452 -134.682981702 53.073652593 1.06191283075 8.96010971069 
1.41916493279 11.8387985229 1.03665868417 8.41649648889 -0.100902694071 16.3311452547 nan nan -2.69817364233 0.227420836088 85.3947319132 -5.54150947877 1.04489971648 8.48009872437 
1.06060140259 49.0136299133 2.59258489817 6.65274997078 -1.87492392191 16.3980990482 nan nan -0.948203642019 1.88352654262 54.5296398672 -30.4970216943 3.69447815498 7.14006853104 
1.01594077024 41.9007987976 2.46616202715 8.36410559596 -0.601086736527 7.81926510183 nan nan -0.369360942543 0.169981854847 86.8459860358 -13.6778652284 2.54199285955 8.72010421753 
1.03296438683 30.1842002869 2.25247642084 7.22720115579 -0.150007505282 7.11729662868 nan nan -1.63170101366 0.449257493882 60.5306659957 -3.3183150759 2.59155728779 7.57007837296 
10.4731406396 88.432182312 1.42160167101 6.06568570468 -0.440622747683 6.91051858162 nan nan -2.04084973123 0.0482910259082 30.284263562 -8.88367248978 2.85324128058 6.23004770279 
2.90935445549 41.5345726013 2.39239719898 7.7805858515 0.80363065774 7.25042491417 nan nan -2.84501768934 0.0172383473117 73.2635213159 17.8319883204 2.62429863179 8.14009094238 
1.64310105514 13.0064735413 0.385742336327 8.98183098295 -0.284203141376 14.5415685973 nan nan -0.745804026537 0.205604455929 141.320072893 -24.7240930966 0.679506932808 8.99011039734 
22.1939911738 150.092529297 2.18505464553 5.10180291054 0.0427943398329 5.44891277865 nan nan -3.20558935144 0.151683245989 32.7411835387 0.606880631836 4.04030179792 5.55003213882 
29.274067395 139.117767334 6.14669497255 3.88227776236 -1.39759966424 8.67569500554 nan nan -2.21479916426 0.129274952827 53.0841881202 -10.3032808126 7.81399402169 7.2700715065 
6.73111285218 25.0270366669 2.13054689667 8.37329918072 -0.202735628327 43.7724174535 nan nan 0.267828925524 0.159459959158 86.5967035872 -5.42617635399 2.14391812146 8.64010238647 
1.09310331998 114.66002655 0.627094479436 4.17314831286 1.235667308 54.6252122924 nan nan -1.47756847136 1.17377979114 8.24650919347 15.7817926014 4.54332110958 4.22000169754 
1.57708210754 20.0911560059 1.39014538697 8.38565333824 -0.536663013428 32.0694648293 nan nan -0.939116220386 0.084312674642 85.297711259 -21.0441660937 1.49451883426 8.50009918213 
1.80254450917 48.0542488098 3.02978919627 7.37174827526 0.0226416330565 11.0385583085 nan nan -0.442124006654 0.138862947623 69.5753630067 0.401246857306 3.23312343899 7.97008752823 
10.2664913142 215.653823853 2.37264261021 3.69360475844 -0.429183555694 13.4503618123 nan nan -3.42355438806 0.141257079289 26.272920227 -4.57789457882 5.37727316568 4.39000558853 
1.89836997399 90.1769104004 2.34631865928 4.62937758474 1.50283383692 12.451126418 nan nan -1.32159985092 0.0903200339701 31.223673653 18.3675255045 4.7692178262 5.19002389908 
3.28099195408 68.9512176514 2.0828703517 6.25223867297 -0.863604856533 17.0427462393 nan nan -2.43521702421 0.00605655578104 42.8194877511 -15.7386373719 3.18380169507 6.59005594254 
25.1983252283 87.319442749 2.87099478037 5.95400995852 0.052109254214 10.6156372666 nan nan -1.1064592054 0.0375502262003 48.4334791217 0.778014905905 3.83762839454 6.6100564003 
1.44195612342 100.91166687 2.60569812036 5.65896030067 -0.38563546277 17.8802250712 nan nan -1.39217147071 0.493547831488 42.525914071 -5.71255899677 3.87425915212 6.23004770279 
1.29572418173 33.619972229 2.624289724 7.36660157042 -0.0498365235881 28.1461247847 nan nan 0.0850172153009 0.171644833109 66.6410785487 -0.99879368833 2.85901595567 7.820084095 
3.32448669735 86.6722869873 3.51869657863 6.4188969459 -0.197450485588 15.1340629122 nan nan -2.17818948495 0.115764936493 59.3981699638 -2.76519940173 4.09282325889 7.32007265091 
1.77774733097 76.6220855713 1.28895926404 6.46277195493 0.180788960202 19.0629625156 nan nan -1.81799443914 0.059660481904 32.3216391473 4.28874524475 2.41751912922 6.59005594254 
1.25077292808 83.8091049194 3.14302232006 6.33302905995 0.1737387662 13.758042996 nan nan -1.96367744809 0.110028433756 55.4155030693 2.60570458444 3.82158835019 7.07006692886 
1.66824585858 102.372695923 5.16793781998 5.44919032791 1.31562962205 13.3501857627 nan nan -1.71228105873 0.090454363363 59.4451996506 12.365105065 6.14376938605 7.51007699966 
9.2950392244 54.4017868042 2.54485756024 6.90611199601 1.0588228801 41.3683945463 nan nan -2.47724089673 0.0215321140513 57.9403792854 19.4232832365 3.18400453244 7.36007356644 
13.5902352427 165.85369873 5.82023197271 7.3688021412 -0.211606951167 15.1095423856 nan nan -4.12621594304 0.0998203958393 79.0013340112 -2.04397942897 5.93291549861 9.39011955261 
1.25722180367 26.93334198 1.6415259847 7.26698144213 -0.278846169306 11.128738787 nan nan -1.68887912942 0.0797000706349 53.0882613116 -7.73467475954 2.07188260011 7.45007562637 
1.59492525148 49.3213348389 0.810015703304 7.03357842912 0.0479691338869 17.5750095938 nan nan -2.75750141291 0.0232924670483 28.9151956023 1.64014396534 1.67595307242 7.08006715775 
18.7737729852 74.2864837646 -1.2996078343 10.7116007647 0.254994673484 21.4723614896 nan nan -1.14354777573 0.3462936838 -149.560133407 5.67689876877 2.57782480962 10.7901515961 
7.94004882449 25.975643158 1.42399698905 7.83168068734 0.662641041565 19.1825850562 nan nan -0.201737301685 0.064573617555 64.8580973723 22.8433473593 1.7069010746 7.96008729935 
1.21814151662 49.6817474365 1.1245572795 9.836054555 -0.036876464257 13.1075369842 nan nan -1.11818762853 0.159204035449 139.912676829 -1.20970891919 1.7467199897 9.90013122559 
20.8866367603 18.1168346405 1.44422522059 7.89914765151 -0.0719567489856 31.6829687181 nan nan -1.02226664751 0.100903578809 67.410841023 -2.63383144775 1.5658824369 8.03008842468 
6.44958946953 11.8791942596 0.809946845578 7.85845682984 -0.176833877659 21.9625147281 nan nan -1.06376299364 2.32724644972 51.6179388528 -9.71176556615 1.04826606934 7.90008592606 
2.36620315397 58.7788925171 0.513145930206 4.05768047053 2.54000879747 17.2388676381 nan nan -2.07768983347 0.0318268592387 6.58920729132 29.5965069594 5.14287528906 4.08999872208 
1.7199941747 29.0445919037 1.73740438974 8.87158625465 0.285068878848 20.2888535398 nan nan -2.32319616231 0.585487076757 102.072221131 9.11534959527 1.7994206356 9.04011154175 
8.8159742161 70.9701309204 3.12563206539 6.64131744705 -0.113889584477 10.7778522151 nan nan -1.83240018564 0.0746849259157 59.2618224458 -1.79381952921 3.63830282938 7.34007310867 
1.95583331122 134.099456787 2.45486632428 3.90202886748 1.12061139335 19.9455913161 nan nan -3.64529418173 0.00903643952967 28.0978510142 12.1336112208 5.33136728246 4.61001062393 
3.88292879318 188.117294312 4.93079991467 3.29432793178 -0.88574275369 13.0379329845 nan nan -4.03691261635 0.0125652689252 43.4466828555 -7.04213211491 7.22470412584 5.93004083633 
3.52862824783 164.469680786 5.50124308886 9.10763840984 0.269341963094 22.9225189858 nan nan -2.9816897043 0.0278496207867 96.3030407634 2.78605775606 5.54124941263 10.6401481628 
3.68908307829 109.773681641 2.36978276773 5.00760253983 0.925907554581 34.8604185385 nan nan -2.02151204537 0.020133761625 34.159038895 12.3736851125 4.32088129733 5.54003190994 
1.65695215349 11.5522241592 -0.439224705158 9.09951884186 -0.14065248672 34.5289149164 nan nan -2.24339246651 0.160277197504 -143.772425175 -10.7166751318 0.756388990791 9.11011314392 
1.98637508301 187.183425903 1.6066182564 4.63972515717 0.275873654435 41.7146903465 nan nan -1.50037233481 0.18404175806 22.5967225604 3.77482285076 4.19035205647 4.91001749039 
1.34595388521 24.3065853119 0.33994444688 8.86359111811 -1.047796923 35.8028049206 nan nan -2.26199946406 0.548317654017 136.92505493 -64.5899551019 1.16001686194 8.87010765076 
1.03776940369 46.0273780823 5.74976555237 6.15127917545 -3.9608521846 14.0111768297 nan nan -1.31583547317 0.0641133620818 67.7804839253 -32.5263736232 7.36645392622 8.42009735107 
1.61832823293 51.7223243713 2.98259752086 7.94895541971 0.699007677805 28.059878335 nan nan -1.50885599745 0.0239836914401 79.5324524361 12.9778913734 3.11257928968 8.49009895325 
3.94648228415 69.3949203491 3.15895282928 8.6940019254 0.031410316205 22.5396538013 nan nan -1.8600321097 0.0604315186958 93.5143129002 0.568617326881 3.16506024155 9.25011634827 
1.45469105825 49.3433685303 1.58371560585 9.68145025947 -0.370563684502 14.2129037009 nan nan -0.696151540909 0.974099473775 126.722901828 -10.6222316351 2.01029780881 9.81012916565 
1.93189534393 32.4176063538 1.43992040697 8.13362016399 -1.26622643545 35.7837798425 nan nan -1.68892645097 0.0347613779149 75.7243363882 -40.4382330535 1.95216145553 8.26009368896 
10.4143260623 50.3182487488 1.08486075176 6.98633834909 0.274248378395 18.3835745531 nan nan -1.96547965744 0.0726677539013 35.6296553631 8.37743104796 1.88236729073 7.07006692886 
4.25490134713 10.1520414352 0.604758398166 7.89696369543 -0.242018457221 15.2787877805 nan nan -1.92699870244 0.0284236306754 45.0816932117 -15.8216942201 0.887670230666 7.92008638382 
2.06235457486 27.4588375092 0.639451636944 7.41254500994 -0.228355033178 43.2518188486 nan nan 0.108926276373 0.182749383807 30.45662843 -10.2602615592 1.28203072217 7.44007539749 
3.62939077687 26.5589580536 1.20504686417 8.2121515146 -0.893958785356 10.554272106 nan nan -0.0115277385241 0.214208024217 76.5655481037 -35.8121838622 1.5277948178 8.30009460449 
14.7526240435 105.727172852 1.66278700014 5.90022001026 -0.203399540508 5.53070561113 nan nan -2.0254737927 0.0288096972228 32.6024764889 -3.77087108166 3.09274764182 6.13004541397 
4.40206539578 99.0041046143 2.97584314425 5.72254645295 0.182869576647 17.3889650558 nan nan -3.01942011568 0.0164134806486 46.9749345692 2.5722451822 4.07471862921 6.45005273819 
2.58690731108 44.1208152771 1.81550565443 7.10168343717 -1.38326978719 25.9518730872 nan nan -0.72756749664 0.320438135548 52.3962561993 -31.1164754719 2.67671165711 7.33007287979 
7.40075935712 223.014022827 6.96398451565 4.17597762735 -0.468245103197 17.0798127696 nan nan -3.69879773353 0.00435887412412 58.163353036 -3.26932521312 8.21057265299 8.12009048462 
3.05893321085 52.7429580688 3.03238165051 7.98360640335 -0.738783537782 13.1973430253 nan nan -1.07690199986 0.0229248300468 80.3356351559 -13.505151251 3.16351101416 8.54010009766 
7.64706721747 159.732345581 5.80862899482 6.66388177697 0.142161804408 5.34800045814 nan nan -1.55851239544 0.0246477212269 72.4581595493 1.3368186117 6.0935794823 8.84010696411 
1.56649990605 70.9182357788 1.69639539702 5.9738538183 -1.13107400677 4.49706761203 nan nan -1.84012471334 0.0300400410643 33.8827398858 -20.3906340634 3.24630563612 6.21004724503 
1.23828703418 12.1833677292 0.9422778608 8.46783386155 -0.409158488852 24.4689700171 nan nan -1.76384214612 0.0531859524824 88.0448775531 -23.4593958612 1.02778056822 8.52009963989 
3.02499412805 92.4155578613 3.00740975903 5.85257377024 -0.692970197837 15.4919666334 nan nan -1.00218398801 0.0309176773673 48.6425004559 -9.81247822953 4.06615134935 6.58005571365 
10.53876561 78.9958724976 4.11483971134 6.50840586643 1.11915375034 4.77257475681 nan nan -1.13339277866 0.0283760731805 64.1728857339 13.7561697234 4.70646981928 7.70008134842 
3.5898803392 120.472396851 3.90119356144 4.4793723503 -1.16463596393 19.2079536676 nan nan -3.47702681849 0.0207772171239 44.1362401914 -11.7438688213 5.72198696519 5.94004106522 
1.81676109358 40.3224563599 0.922352097253 7.18107875498 0.280384416891 54.8708965591 nan nan -1.20989429634 0.393850290093 34.9659828197 9.88247441655 1.63367746606 7.24007081985 
2.03807557176 14.2964057922 1.04772182544 7.82021299488 -0.0438037823281 59.2494175531 nan nan -0.465142525566 0.162939343646 57.0235274269 -2.00871088693 1.24970003088 7.89008569717 
8.93536382127 18.1362876892 0.7618609909 7.45122905527 0.0137964952829 46.7698430984 nan nan -0.529826130677 1.61395425748 35.9958626419 0.609782269369 1.29635759235 7.4900765419 
