2.24543190864 94.7082443237 4.07885969706 6.55458363787 0.358737836459 23.4694226158 nan nan -1.95706217277 0.0687786062671 64.5011433884 4.53882712192 4.53325866079 7.72008180618 
1.2103091161 52.4452705383 2.61674462881 8.8722770473 0.388551465504 25.2893858285 nan nan -1.2432619857 0.419930369631 98.0969768965 8.36294225674 2.6715004948 9.25011634827 
1.02332572979 85.7648849487 1.50789955072 2.51219532776 2.53162243387 24.7688779276 nan nan -0.365589714404 0.100046055661 14.1348007698 22.2934225818 6.67358059783 2.92999768257 
1.07488463422 11.6362991333 0.985882589268 8.29169069225 -0.203660888521 8.0500100105 nan nan -1.52373541638 0.069124125626 78.0693285222 -11.4263957988 1.02802480759 8.3500957489 
7.31449309742 43.6785621643 1.37047263617 7.01749870147 -1.29057954463 59.6436086155 nan nan -1.55905200491 0.15762922743 42.7513031486 -32.588548086 2.39616378982 7.15006875992 
13.2639756737 168.799133301 3.41316065472 4.15873037026 -0.597117146889 8.01012581515 nan nan 0.638619104456 0.105776981585 38.1748736263 -6.17127182292 5.55453297228 5.38002824783 
3.40029707833 345.925262451 4.5301373125 -2.73170880559 -1.25296865082 25.4484297395 nan nan -2.335146228 0.108359894882 21.9659278152 -5.90669786537 12.1755228719 5.2900261879 
1.4011878825 58.4548301697 1.13556010397 6.77556344226 0.155867095112 51.1781362305 nan nan -2.55900569367 0.344373532636 33.3653356492 4.31705310197 2.07062134219 6.87006235123 
27.5495361427 190.043060303 2.30398756802 4.11948605333 -0.431307887214 12.6723336954 nan nan -0.893371117809 0.0832589024936 27.7427025677 -4.98030060195 4.96822781725 4.72001314163 
1.57801032242 227.105392456 1.94940331046 4.08910826424 -0.275198380428 7.60810384214 nan nan -2.21825080668 0.0559033733676 23.8431375351 -3.2660958907 4.83030778729 4.53000879288 
1.45081583455 215.293930054 1.9286753813 5.79765992797 -0.0934052972362 15.641239567 nan nan -0.738614321365 0.742662877337 35.5156646899 -1.61153932199 3.32131828358 6.11004495621 
1.4202594228 120.715774536 2.13133685764 5.30812729516 -0.49195067761 28.0391929648 nan nan -3.40100163931 0.118775960108 33.7325691895 -7.30418281409 3.86945262716 5.72003602982 
1.66670449223 91.7641448975 3.07255404306 6.06631995886 -0.205891891766 13.1239950483 nan nan -2.72818105243 0.0515967995044 51.6182867206 -3.0069030579 3.92501953641 6.80006074905 
1.79658197291 104.637756348 4.67059362639 7.43477029659 -0.321954445842 12.9800502034 nan nan -1.75191350239 0.0767736154984 77.152218231 -3.84486491434 4.80133458624 8.78010559082 
1.4177119381 179.632522583 4.84165998787 4.58780985492 0.256996002463 21.6904833126 nan nan -1.31691934184 0.23039755066 51.0608661029 2.36419841306 6.23000402205 6.67005777359 
1.75766134086 110.99684906 4.78219301748 6.73496679235 0.36888039808 31.4881075126 nan nan -2.63248943873 0.0713323849539 69.7416791971 4.13897579515 5.11084973646 8.26009368896 
1.34466102076 174.882583618 2.3470633991 4.71852356112 -0.207002896999 27.9233211929 nan nan -0.22053178518 0.127051861931 31.8267913106 -2.6629493496 4.45545966838 5.27002573013 
1.17985669061 115.782524109 4.63951515306 6.59089793785 -0.131380775793 17.0722100922 nan nan 0.208610660562 0.156302911235 67.6334510098 -1.50008397079 5.01866839385 8.06008911133 
1.01281393731 21.153547287 1.4411355583 7.41126202668 -0.232988680663 8.38710839625 nan nan -0.997832696686 0.0547943092958 52.9299640163 -7.35036636438 1.82112761697 7.55007791519 
1.05295096539 100.934829712 2.77220554982 5.66847435463 -0.382171826908 17.8288644841 nan nan -2.14467050308 0.600736845005 44.3934997862 -5.50875637507 3.98104463628 6.31004953384 
1.3767539562 80.5947647095 3.59634173777 5.95892798352 -1.15587397915 32.4277639912 nan nan -0.676510558335 0.456038572089 54.7560676597 -14.7077920652 4.55266576232 6.96006441116 
2.35941807058 315.074249268 5.05874950112 0.464403617694 0.811172718279 13.2441382212 nan nan -2.15480925488 0.0833238223712 32.1921591935 4.88283017319 9.52994002674 5.08002138138 
1.30749100815 198.462966919 1.68480356837 3.52838653001 0.607686645223 11.0689323174 nan nan -1.84348864738 0.0579847667033 18.7207316261 6.60342528352 5.28439084643 3.90999674797 
2.8865102096 20.5167827606 0.503122298944 8.71559473573 -0.813745421551 4.24930401939 nan nan -0.436351316233 0.209163548539 113.195790122 -56.0730843841 0.980711348392 8.73010444641 
1.52170116564 98.773651123 -0.0895435664923 11.8998401093 0.613557845942 6.09570979183 nan nan -0.748465411483 0.262749511406 -178.491316506 10.2263997019 3.45592014514 11.900177002 
1.01005850577 179.654022217 3.42679762218 3.91117744266 -0.615218739982 13.3410937448 nan nan -1.78849452612 0.248303842789 36.751292912 -6.1312851428 5.76009795959 5.20002412796 
14.46634638 15.8889884949 1.29821071792 8.6229267941 -0.29323880699 5.24552482075 nan nan -0.381810625551 0.0770226386564 95.4091750935 -12.6734758973 1.33658185785 8.72010421753 
1.87335117012 112.770500183 4.36280127916 4.87219475812 -1.17298890958 18.7380583479 nan nan -2.56483251066 0.102406807077 50.2554211979 -11.6801171031 5.79404080555 6.54005479813 
2.06794211249 6.18825769424 -0.303038697868 8.78488064058 0.0888761254588 7.62133833689 nan nan -1.10203396844 1.66913007592 -133.230965778 12.0618804699 0.425309766473 8.7901058197 
4.18586440068 30.4520320892 2.38338567618 7.47952563988 0.0779021127005 20.1685108596 nan nan -0.647142539184 0.100293222299 66.8212474497 1.72105739021 2.59383190285 7.85008478165 
2.6218467757 82.2030258179 1.48511326751 6.30757726638 -0.235597057073 31.2556588625 nan nan -2.27029031634 3.873041792 34.1131056746 -5.08418007286 2.65853057788 6.48005342484 
1.14779137647 56.4605331421 2.3468801849 6.44613106601 0.0642918339495 9.99299251117 nan nan 0.0742943106915 0.137093359979 48.8092526575 1.18098613226 3.11935211866 6.86006212234 
1.55265324568 19.391078949 -0.754902725724 9.49014514242 -0.0551498970361 12.0481893098 nan nan -2.56194377034 0.250946158723 -142.677514736 -2.53618258512 1.24631739116 9.52012252808 
1.09537636901 9.10496616364 -0.0664541593605 8.18982247884 0.646683650193 105.194655844 nan nan -2.07731728082 0.117436783566 -12.092557859 63.8707581986 0.720295767972 8.19009208679 
1.81316542508 26.105588913 0.65909894563 8.17356119237 -1.13133337066 6.50080647947 nan nan -0.687087861919 0.050581552564 63.6516862175 -56.971060712 1.34940316838 8.20009231567 
7.69082708931 161.005813599 2.7831168317 4.69746624932 0.137967772259 50.5159469226 nan nan -1.76001146975 0.124012118826 36.2008127401 1.67706857455 4.71423772525 5.46003007889 
4.88340369294 33.8414001465 1.66062160447 9.08966895913 -0.198872563873 16.8906125946 nan nan -2.88921884077 3.47770461273 109.549405948 -6.43882967762 1.77339332672 9.24011611938 
1.53590195022 154.477859497 2.60724258494 4.53381138389 0.13502128791 65.5932672789 nan nan -1.36487140068 0.536808544191 33.3196099314 1.62945707386 4.74832568212 5.23002481461 
3.73880037252 13.1821346283 0.784883444437 7.61976313392 0.104045617768 29.0360001655 nan nan -0.765296602022 0.108085999953 41.722526101 5.04175701537 1.18392755367 7.66008043289 
4.32704687904 73.5411453247 1.17083764931 6.21064957974 0.639352490956 13.5225567497 nan nan -2.77481462237 0.0905146622178 27.0864690153 13.9629863749 2.64967125423 6.32004976273 
2.77260058196 180.768234253 5.02367831533 4.32669736927 0.489827400031 61.9705390064 nan nan -2.30249373161 0.0570799137963 50.2826896952 4.2891823979 6.54933046543 6.63005685806 
1.12381192415 127.570640564 3.97527651282 5.39332550632 -0.462310063562 26.5051890674 nan nan -0.243550567799 0.959990246217 51.9924104153 -5.23557865798 5.06635770134 6.70005846024 
1.32689080708 131.833755493 2.40577544477 5.27756418217 0.183164728096 15.5827083663 nan nan -0.129754043721 0.190775002504 36.7439322743 2.60786195769 4.0255928021 5.80003786087 
16.4066670266 283.67855835 3.85498414617 3.63722108915 -0.137674324156 13.6811319101 nan nan -0.818762712305 0.161394714186 38.4057386514 -1.27095905957 6.20696993085 5.30002641678 
1.17104985326 68.3028182983 0.647979117816 6.66865102052 -0.110433048763 18.0919869176 nan nan -1.06393669531 0.750352039072 19.4851098288 -3.25364305407 1.94574188423 6.70005846024 
23.5995172673 19.9674224854 1.70879404449 8.42862789688 -0.202956350888 20.433184231 nan nan 0.310210082984 0.0672960785311 87.60828708 -6.76753953556 1.72228404857 8.60010147095 
1.33711145412 150.618774414 1.90220266392 5.18192746557 -0.242102959728 16.0981933362 nan nan -0.370745276886 0.609465462588 29.8250192718 -3.6220253393 3.83230924659 5.52003145218 
1.88359961178 121.616157532 4.42979731408 5.07989135169 0.936979045372 5.32827055368 nan nan -0.044155949265 0.117574139027 52.3293867331 9.50452708331 5.67434376308 6.74005937576 
7.12163276899 137.263000488 2.50037648243 2.39158899308 1.67579386019 13.8085301155 nan nan -1.08032528875 0.0768654850997 22.2609231958 14.2460817035 6.80976157037 3.45999717712 
5.71265432757 62.0172729492 2.90123365989 6.75325264729 -0.22810740686 22.08324857 nan nan -1.00658875146 0.181820165394 58.9490923204 -3.85351709717 3.39415910831 7.35007333755 
1.67907741547 105.319488525 -1.89360454545 11.2620803429 -0.131594875331 25.0180894853 nan nan -0.623502404813 0.103742081025 -145.566561756 -2.25030793968 3.35143897548 11.4201660156 
1.63505592982 18.9700984955 -0.212884693158 8.82754014791 0.668008911883 11.5324613648 nan nan -0.918955509636 0.26325169075 -146.978149596 59.68141457 0.773846462439 8.83010673523 
1.03819454481 13.6350727081 0.269174023093 8.43580442922 0.777092462527 17.7097135382 nan nan -1.76499103886 0.176586523871 76.5860474178 70.3991483887 0.824892975684 8.44009780884 
3.60611076507 48.9383468628 2.01102549517 6.94476041403 -1.11214979118 10.9714558966 nan nan -0.608687358365 0.13423489128 52.2831939872 -23.6278449706 2.77486411739 7.23007059097 
2.17482055761 10.2894334793 0.778234193482 8.0224303065 0.0336378598045 15.8151114391 nan nan -2.2026649573 0.114336357842 58.4643046079 2.10981410582 0.913702784097 8.06008911133 
5.66236726561 134.019958496 5.45767655781 5.8903384197 -0.620345230222 24.2458969838 nan nan -1.41981670482 0.0583358055704 64.4445765724 -5.8549142045 6.08123303106 8.03008842468 
1.52028384338 13.1799449921 1.08586799662 8.58167617369 -0.219453460263 13.9560456115 nan nan -1.87308663427 7.05706863639 94.3015398839 -11.3942141641 1.11082857573 8.65010261536 
1.65135889629 55.2650184631 2.48908745807 6.89452043649 -0.889739678396 18.4740530156 nan nan -0.856760788449 0.0740654760036 57.1776888301 -16.7197579157 3.09269424582 7.33007287979 
1.64534261303 45.7096672058 2.78751544331 7.09192283547 0.0899529833938 40.9877152843 nan nan -1.75944869584 0.0956023888147 63.1999706339 1.64987381782 3.12426234289 7.62007951736 
20.4931758358 36.1281280518 2.49982719255 8.73962314144 2.37123396511 14.5636713214 nan nan -1.42359158487 0.554883341351 95.4754084076 43.3569617219 3.45388270789 9.09011268616 
1.91893451163 30.8231544495 0.741583258339 7.26230736723 1.03583338082 37.0847241158 nan nan -1.9172365706 0.203736547312 30.9286048914 35.674781569 1.77616991729 7.30007219315 
3.07098071731 28.686050415 0.151439630233 6.618324245 2.25110258146 10.7995707271 nan nan -1.21843193431 0.0871742767464 4.60131885953 50.0170223767 2.93787345555 6.62005662918 
4.73577195962 61.5965766907 -1.21634732767 11.0333141962 -0.91346167257 30.0637783531 nan nan 0.11729387508 0.091250438932 -154.352441188 -18.0069115306 2.95492704912 11.1001586914 
2.47039860083 149.8097229 2.54908117966 3.64756728516 1.0439552524 4.46917513065 nan nan -0.407749763548 0.182624762647 27.713855331 10.783398305 5.57976349692 4.45000696182 
3.22539969381 84.3561477661 0.75534465038 11.7158492867 0.840637763932 15.1330529107 nan nan -0.874400521766 0.231429250762 166.781863845 14.2775244588 3.40865134999 11.7401733398 
9.90224841743 231.677963257 6.98793206073 6.16712284009 -0.0579493354148 13.3096193857 nan nan -2.62593428396 0.0305113289402 71.5387370549 -0.450679889463 7.36728365506 9.32011795044 
1.05205599356 12.7778301239 0.742413712874 7.73453366002 -0.295285649532 13.5927251147 nan nan -0.92267000071 0.131167801609 44.1241243968 -15.4779815127 1.10648563186 7.77008295059 
1.20913481514 36.6632843018 0.94766855776 9.56328494304 0.112155537365 8.96013717114 nan nan -2.10505930608 1.57346008033 138.290501988 4.50240442636 1.42871600748 9.61012458801 
4.27535739445 291.184082031 8.43627221679 4.4972515319 -0.217729594657 17.1018966344 nan nan -0.9319767855 0.0889904491377 64.6171168106 -1.33573831412 9.34024038186 9.5601234436 
1.6485909772 52.7856292725 1.83052494617 6.71503350915 0.937645756598 60.4589031829 nan nan -0.907834876526 0.481759928633 45.721940326 20.1397382323 2.72325292929 6.96006441116 
1.98771592854 43.3228797913 0.242632728929 6.99585905638 0.563808488294 6.64236743977 nan nan -2.24263964801 0.0705272069285 9.16343673092 20.3071898323 1.62455859571 7.00006532669 
1.78276827407 19.2538642883 1.06543050463 8.59431434802 0.57685073821 17.3891184283 nan nan -2.26338034708 0.0635862025401 95.0587672742 28.3386976472 1.21523418756 8.66010284424 
1.29881434985 17.0535011292 -0.0461607337699 8.85998717346 0.673759245299 41.3896605902 nan nan -3.24155453562 2.0179523845 -172.692904465 61.6899341531 0.765292819137 8.86010742188 
2.38833131991 39.3595275879 1.62372237446 7.29147189211 -1.66519998521 12.9863000373 nan nan -2.19663081565 0.0513106459752 53.3398818569 -39.4435582819 2.62105046262 7.47007608414 
1.41598290123 24.179473877 0.614572381586 7.62535428132 0.701457062008 14.4554983241 nan nan -1.93313331013 0.246805338933 35.0939078664 33.2727600377 1.27857199847 7.65008020401 
1.59599663811 18.3630104065 1.35837662319 7.70120303605 -0.200830640104 13.3642457601 nan nan -1.69848700718 0.043540847283 59.5422305569 -7.26283735038 1.58858320085 7.820084095 
1.13128467061 133.861938477 1.58216939816 5.60085582977 -0.164689160831 15.3322854401 nan nan 0.106701525433 0.273722554104 28.6229179326 -2.85462862102 3.30687457336 5.82003831863 
4.76773153028 137.471588135 4.78632763529 5.81318624185 -0.203801608526 57.9195122321 nan nan -1.83694077467 0.265524727248 60.6922445455 -2.12640678295 5.49267107144 7.53007745743 
1.91417825146 217.070510864 1.81648267448 4.44303212135 -0.00155454273447 24.3901168158 nan nan -2.02520905245 0.301990833281 24.1201583611 -0.0200376700453 4.44506468926 4.80001497269 
2.02076942606 214.974258423 5.16466650831 3.76284151991 -0.323506045209 7.75126149295 nan nan -0.39254207694 0.0669131966519 47.4721910493 -2.64296978499 7.01563302695 6.3900513649 
3.64954798777 168.414657593 5.49077674557 5.07965671861 0.389786327964 13.0494441665 nan nan -1.71292366704 0.110515947569 58.0801807109 3.44818330819 6.48068752631 7.48007631302 
8.63781232432 353.553375244 9.75857156473 3.59628260369 0.108148607664 35.9685531115 nan nan -1.10564945007 0.136841926004 63.320306958 0.567351934007 10.9218981596 10.4001426697 
1.22909285356 49.3510131836 1.59659604741 9.82120233178 -0.241611038307 13.2550848958 nan nan -1.79837649664 0.0679612609262 129.608163502 -6.64992938978 2.08640131182 9.95013237 
1.13403900773 87.9327011108 3.84954355309 6.80696185429 0.0144837861287 18.9295072058 nan nan -2.17208939425 0.0701710611385 66.2599958294 0.197331319729 4.20542191819 7.820084095 
4.31767386517 201.040161133 2.90275453344 4.083419438 0.323485673453 19.7028660959 nan nan -0.982630574571 0.150729401665 33.3145280699 3.50254646495 5.29497976606 5.01001977921 
1.0843632864 118.64566803 2.53374345928 3.88713892791 -1.38225851057 52.6357731367 nan nan -2.63541795064 0.274899680851 28.7790273336 -14.7158568001 5.44141358269 4.64001131058 
1.91440961587 5.59817171097 0.429774020182 8.66945717015 -0.124571364877 9.1996131187 nan nan 0.456154711671 1.06002463208 111.519003176 -15.0908418779 0.478476191555 8.680103302 
2.77934115296 32.9554290771 0.129387615451 9.56924897532 -1.08860147299 17.830105419 nan nan -1.05210795738 0.133354409726 173.100302511 -45.3056366979 1.53136791571 9.57012367249 
1.7503625976 67.9554748535 3.15304035042 6.61727322782 -0.929259842089 23.0349719694 nan nan -2.09011242582 0.0679322560206 59.1579533455 -14.2000969347 3.78811924366 7.33007287979 
2.99020671235 106.916900635 5.73182467959 6.15434151207 1.14786385509 22.5625899321 nan nan 0.0663343771764 0.0990078216757 67.7439454423 10.5001705161 6.29869187445 8.41009712219 
1.02936876569 56.1576461792 1.1844803305 6.71641580096 -0.553105010387 35.4546407343 nan nan -1.30990391678 0.184457138829 33.5881827013 -14.4846366003 2.21135510512 6.82006120682 
3.88223129985 105.227493286 1.15403417209 5.86763216478 -0.377773363266 48.5499178019 nan nan -2.67449706506 0.0942154039523 23.6727203115 -7.48774874159 2.89894256657 5.98004198074 
20.070907619 284.169006348 7.83175280247 7.37865134253 0.136095543285 53.8167657014 nan nan -1.08050942126 0.11830229544 81.8517823312 0.985503413816 7.91279323422 10.7601509094 
2.32011462771 112.669692993 3.32501038632 3.91971170489 1.47564727383 38.7443530822 nan nan -1.3737960491 0.13729604351 35.9773648026 14.612774409 5.84912555962 5.14002275467 
11.2345407129 8.15974998474 -0.184239404449 8.59812777019 0.330544678273 42.0078871316 nan nan -1.40433351389 5.49858184114 -118.04021628 57.7272146709 0.390938616368 8.60010147095 
1.77715623109 102.447380066 3.1199012685 5.75929135673 -0.310578733398 16.6868598885 nan nan -2.16802404883 0.10092674296 48.7019859126 -4.27712170592 4.16433991674 6.55005502701 
4.18666312433 92.735748291 2.39466150796 5.77310126981 -0.292090777859 19.7939751997 nan nan -2.79940357653 0.315507657548 41.2884052721 -4.60157135726 3.64083746478 6.25004816055 
2.673851451 142.372970581 1.03573917069 5.15704495269 0.393881604583 36.2321817124 nan nan -1.50270466681 0.0646985616121 17.2144150991 6.4214069786 3.52182435627 5.26002550125 
1.2671010707 84.9449081421 1.02272720268 5.19022216649 1.2362017729 21.5226061252 nan nan -1.06101630058 0.0507739946102 17.1712414928 19.6390322265 3.67815103845 5.2900261879 
1.55044595448 151.919876099 2.60551330405 5.14826469933 0.0659435734408 8.6951818715 nan nan -0.859641272648 0.158485701746 37.8601550794 0.889915359243 4.24584239677 5.77003717422 
2.61372183641 35.1019744873 2.51502578063 7.38349172619 -0.27406488503 61.20612461 nan nan -1.53971638336 0.192760735211 66.0618841835 -5.68777488583 2.76533125755 7.80008363724 
2.85780248457 43.5995483398 -0.870839272165 5.19757733548 2.7184739139 18.9810082347 nan nan -3.03755398714 0.0317107587306 -14.7724521466 38.5186137776 4.36514111039 5.27002573013 
1.20471770953 17.7681598663 1.53357495413 8.61466677789 0.0596546066077 4.43318482391 nan nan -1.38637867457 0.0906808330328 94.2761000049 2.22143341784 1.53901243724 8.75010490417 
4.27220109195 25.8326683044 -0.48378429076 7.56462453596 1.94807460767 19.9711130475 nan nan -0.72303503332 0.0936748303226 -27.3483967889 61.6054947567 2.21449072605 7.58007860184 
2.27574108004 115.019836426 2.46897877746 4.35940844433 -1.2006485429 3.37940847634 nan nan -1.17204793614 0.732261641926 30.8070525188 -13.9852496424 4.9680893267 5.01001977921 
1.30773766619 12.1039524078 0.662591354297 7.63136979418 -0.0895913502491 30.1871703762 nan nan 1.13055378952 0.412965934305 37.3363979107 -4.68811721399 1.09616255514 7.66008043289 
1.02404852056 83.544593811 2.83968193212 6.07956364683 -0.658624264385 52.9194936569 nan nan -2.35848104823 0.137670192245 49.5569946008 -10.0104594633 3.78894332724 6.71005868912 
1.00886849469 51.8513259888 -0.329223400571 10.5950334411 1.09029824364 16.0419753417 nan nan -0.948551062272 0.10605037368 -171.069306884 27.2082085747 2.38459712042 10.6001472473 
4.07409057583 121.730079651 4.69367263595 8.50035300153 0.334277519649 2.39800637158 nan nan -1.49673402827 0.0439276031768 90.0043090982 4.07365599521 4.70556100781 9.71012687683 
7.79907529344 120.600608826 4.68622487024 6.2729193351 -0.240812893613 7.74076102834 nan nan -2.88328851439 0.375419056987 64.5810717656 -2.65734849593 5.19409113052 7.83008432388 
1.2140943405 73.200378418 3.71244422547 10.4503288272 -1.33434949355 14.9697790524 nan nan -2.1277983188 0.059173758317 117.715145774 -17.6505205387 4.4007400778 11.0901584625 
22.23916059 202.271057129 3.58604060612 3.41218331719 -0.624132480535 18.5280736606 nan nan -1.07252813011 0.0345107446779 35.1772903522 -5.7258408679 6.25580587773 4.95001840591 
3.8276185593 129.243804932 3.33765886323 5.31968484366 -0.101240441089 33.7748392 nan nan -0.646017586354 0.160547438984 46.3828499115 -1.25800606366 4.61135780523 6.2800488472 
2.62082273393 46.9455413818 1.10781193515 9.7675074164 0.0171687439329 39.0505007594 nan nan -1.39341119084 0.181310760636 138.84627374 0.584332159546 1.68348362037 9.83012962341 
4.21239568903 334.432800293 2.4701923208 2.12737696159 0.371036384325 19.7228367623 nan nan -1.85943523472 0.146354392867 21.1876099263 3.10740592085 6.84469447747 3.25999736786 
11.2453849666 140.046875 3.14805894873 3.92311463504 -1.07930542592 19.0658056886 nan nan -2.79049092973 0.103751651026 34.5208492933 -10.9952346794 5.65889167515 5.03002023697 
1.80936903559 77.5848846436 2.70929889181 6.21521657453 -0.169873656827 7.74926574159 nan nan 0.389345642602 0.170169101794 49.8586732933 -2.74417831406 3.54815344168 6.78006029129 
1.15814009797 105.404441833 4.14118570012 6.26512869285 -0.251025008537 52.1761493897 nan nan -2.27782861357 0.0736999114535 61.6456201272 -3.05351089546 4.71243910489 7.51007699966 
4.94797423812 193.238632202 5.05706385033 3.7572232378 -0.582637621843 15.3052169544 nan nan -2.72317098158 0.0586979386496 46.8368823086 -4.80368661179 6.95753496583 6.30004930496 
1.30112537432 7.24279546738 0.284226610197 8.05507614592 0.564466533517 31.5289512086 nan nan -2.27655814507 0.513725715508 32.5712864568 46.913976518 0.772893569214 8.06008911133 
7.94072695486 140.356109619 3.86232488042 5.02779109714 -0.384451389857 36.5264703026 nan nan -0.0433769330853 0.0671118195791 48.0446320114 -4.23352116121 5.20783938099 6.34005022049 
1.18379859181 330.779174805 3.53475804455 2.26836857248 0.306143406559 13.6014757389 nan nan -2.20929733361 0.130561241222 29.563136476 2.44684986271 7.17087640859 4.20000123978 
1.39464794448 18.6351680756 1.02303825158 7.37949995423 -0.0944730560078 31.3178945924 nan nan -0.81650098402 0.135894610076 42.3966846397 -3.56291612365 1.52021471347 7.45007562637 
3.75693535544 149.522994995 2.1301756426 5.20068562611 0.167876791243 101.955710323 nan nan -2.52905923869 6.39399274181 32.8479818107 2.44772601369 3.93081495661 5.620033741 
1.32251344452 73.0983123779 0.92464842084 6.22171541276 0.671830341762 32.352783404 nan nan -2.07257396683 0.664843939757 22.0899168529 15.2823657353 2.54890395479 6.29004907608 
4.67658015399 145.100845337 -0.0161148594806 13.0301929007 0.129071970252 10.5992599707 nan nan -0.998831806954 0.417386948615 -179.796187588 1.63199061437 4.53205990472 13.0302028656 
9.58100368057 108.966064453 3.7136230464 5.68453390673 -0.580643481575 74.248531648 nan nan -2.99002557736 0.512969951715 52.8325835129 -7.10217666519 4.69627430053 6.79006052017 
15.8421566842 185.216171265 5.75557011352 9.51479648607 0.0435876432769 17.5251139391 nan nan -2.72511460891 0.0483005964357 99.9993645834 0.427308889464 5.84451016959 11.1201591492 
7.0292940936 324.928100586 3.29515873403 3.23827565189 -0.0671505599942 9.83997439606 nan nan -0.792291219785 0.0772057468385 32.0568863006 -0.619694999333 6.20872961206 4.62001085281 
5.71190810521 84.1432266235 4.6315105178 7.30570910861 0.965458020424 27.5296814858 nan nan -1.57937933931 0.073097820441 75.5405814681 11.4118935859 4.87948046404 8.65010261536 
1.02052767021 19.5096855164 -0.366456887173 8.7924726793 0.660581132531 13.5155590147 nan nan -1.21157069921 0.305348723979 -128.593695785 54.6339742215 0.810060708186 8.80010604858 
1.99081954603 39.6525421143 1.82984025987 9.06732248681 0.0638554398061 21.4268061259 nan nan -2.3252328392 0.161761474727 107.225493145 1.90904724753 1.91683272558 9.25011634827 
2.0454375908 178.192718506 2.99221641832 4.86324477627 -0.0529023948116 30.9830462728 nan nan -1.14364501285 5.53556770203 39.4465541761 -0.643584112634 4.70979259785 5.71003580093 
2.35636599482 76.5160903931 3.08657855645 6.47170189372 0.156565996159 12.9247408243 nan nan 0.234500626845 0.0641292966008 56.6896925745 2.42737940486 3.69668409581 7.17006921768 
1.41225412243 148.785873413 5.52428618941 6.59120682486 -0.0550510399029 16.7620534853 nan nan -0.183507879876 0.157596627012 70.9385577277 -0.539645515052 5.84502009449 8.60010147095 
1.00976877341 135.663421631 2.07779700836 2.76664780154 1.55995602362 25.5363638324 nan nan -0.654341733984 0.108300702176 19.92078289 14.3488061954 6.29460329451 3.45999717712 
3.36847500559 152.091842651 2.22584827043 4.96382128564 0.145667782322 43.03861533 nan nan -1.73952609787 0.154288341995 32.1883698348 1.99664612834 4.18093046171 5.44002962112 
2.52315661005 387.416412354 3.3194333847 1.04486469199 0.424932722053 44.0016002815 nan nan -1.46193051145 0.832468362683 24.0012397632 2.98072021053 8.17179590265 3.47999715805 
1.05519823421 23.789937973 1.82436194146 7.59401827114 0.0858737026037 29.3651458907 nan nan -1.27646168342 0.0734928679008 63.5909147834 2.41406414735 2.03874316167 7.81008386612 
1.67800613236 12.4622783661 0.798023922292 8.85421820381 -0.306472556803 12.7183285065 nan nan -1.74622270182 3.32841194673 113.934958401 -19.3418109961 0.925331370122 8.89010810852 
1.47416381873 106.712692261 1.76126145164 10.868371872 -0.0638106156795 68.2932629801 nan nan -2.39002565169 0.254600898681 143.363324835 -1.23853488663 2.95216852837 11.0101566315 
9.62798093803 70.8138580322 3.63191535954 7.29610697023 0.249627751537 14.426234096 nan nan -1.83047822608 0.129747776368 71.6608764977 3.73273735928 3.83438151732 8.15009117126 
1.17531486164 31.3584251404 1.97442555229 7.54605516057 0.515089442837 57.0642395173 nan nan -0.515120015937 0.946369329666 64.2124624637 13.2191456444 2.25248399602 7.80008363724 
1.05432382149 85.7661895752 0.285702978704 13.417170281 -1.53233752172 7.36268021995 nan nan -0.635705367849 0.360626860925 176.674674644 -17.2811921623 5.15831833499 13.420211792 
1.00133108098 50.2348251343 -1.13564182136 10.6195998978 -1.06958474589 3.49610875089 nan nan -1.54211194655 0.0577951442648 -151.818430065 -23.9793453887 2.63180500834 10.6801490784 
3.22731433956 407.26361084 9.38030400867 1.89661904755 0.108463352121 32.6052376749 nan nan -0.86687706528 0.103349560036 54.8558964619 0.541718220332 11.4719879531 9.57012367249 
1.3345390898 17.973859787 0.66106916239 8.27372697193 1.06377777645 14.3946369296 nan nan -1.07493459006 0.265063395945 71.1047738755 56.7018722122 1.27272741715 8.30009460449 
8.99823070359 366.715789795 3.56252707876 1.20248801808 0.452325950615 20.7490771916 nan nan -2.86900092644 0.122221362087 26.0208804157 3.18811324614 8.13325759329 3.75999689102 
27.5265589982 147.73991394 3.63511772837 4.6978725991 0.41999886274 59.0316865804 nan nan -2.92223826433 0.167567731102 43.7135906825 4.56503208355 5.27699277207 5.94004106522 
1.22245631577 20.4333343506 0.184003088084 8.92821314961 -0.696072314928 42.7398492011 nan nan -0.582925769358 1.89854887348 156.746814809 -56.1947274399 0.837699412401 8.93010902405 
2.6295503977 173.534683228 2.83593944435 4.11796587791 -0.560145444046 4.32102139167 nan nan -0.128604645135 0.0513961555296 32.9099024907 -6.12523716166 5.24962270051 5.00001955032 
4.3281046407 13.964474678 1.09207861864 7.96557529924 -0.123022214066 18.4904516536 nan nan -2.10663159837 0.0873049659731 63.9245068879 -5.77773084823 1.22203925273 8.04008865356 
1.29082984708 65.9888305664 2.19853240942 6.47710574408 0.519399263324 53.4513798037 nan nan -1.09884689268 0.147706353687 47.3824940958 9.86245236826 3.03239534373 6.84006166458 
13.7721161882 74.4524002075 1.38708850159 5.92997702203 0.92886866707 37.7316661112 nan nan -2.23433410999 1.43052001599 28.356549712 17.6436095969 3.0646092115 6.09004449844 
1.29513408351 22.8092708588 1.94384418654 8.27485080739 -0.0941696371693 36.5754353389 nan nan -1.6814214188 0.173326843133 83.3930558879 -2.75513774754 1.95910446404 8.50009918213 
25.26952795 108.295631409 4.622783539 7.01366524497 0.201927569477 20.3603241079 nan nan -1.98180133543 0.0569324573794 72.1761679203 2.38123619937 4.86005076062 8.40009689331 
2.82172501669 38.7630195618 1.58542308593 6.78735844972 -0.0161425814546 9.51893285307 nan nan -1.65521851392 0.902301089484 42.7909865629 -0.396297806799 2.33387403774 6.97006464005 
5.22081703834 165.604660034 5.46416062635 3.75507690875 -1.01302705131 9.49373357701 nan nan -2.1117470508 0.108789303663 49.0298718852 -7.96863472858 7.30736411431 6.63005685806 
3.18832835773 56.9963188171 2.90954123173 5.52021448953 -2.30044912464 11.2916308906 nan nan 0.100226261481 0.0629660119592 44.3166434731 -28.9149998067 4.75779550239 6.24004793167 
1.84801436315 203.755142212 6.66597611481 7.86535198382 -0.171857303154 12.2611931572 nan nan -1.56849042813 0.0740830620776 84.5614299379 -1.47018539062 6.69832446216 10.3101406097 
1.25304619738 216.522323608 2.63684556386 3.99891069145 -0.144496292299 13.976789119 nan nan -1.63935265049 0.429416491174 30.3627902213 -1.58665319027 5.21858588792 4.7900147438 
2.14369035645 6.14198493958 0.431556547253 8.74946860608 -0.162630111563 40.4455275745 nan nan 0.0774558696444 0.0803005917866 120.030790423 -18.0692472673 0.524332139089 8.76010513306 
1.14323438397 158.417694092 4.58504644429 5.32908784461 -0.000339502368127 21.4533483389 nan nan -1.22544413273 0.529406168225 55.3331615896 -0.00348934215011 5.57470491674 7.03006601334 
1.50024073688 187.460083008 5.1690340985 2.37856862316 -1.21966588928 11.9637987702 nan nan 0.73807603652 0.0727147966385 40.178279831 -8.65576337041 8.10422238677 5.69003534317 
27.6540101044 99.5079498291 2.3051817966 4.26717625845 1.49817990302 21.8184798293 nan nan -1.2860229472 0.0589635205714 28.5725648906 17.2671959461 5.04729659959 4.8500161171 
1.2952468224 12.2518157959 0.792692655267 7.77980421394 0.115716893133 17.3751237898 nan nan -2.27533214107 0.946713537308 47.7434868904 6.16663095364 1.07723442914 7.820084095 
12.0927314765 5.77195644379 -0.195211186307 8.3278076438 0.322563480078 33.6820203992 nan nan -1.50647402891 0.632320727455 -48.5850502749 51.0970941499 0.414493442014 8.33009529114 
3.48337826071 113.190170288 1.38581387589 6.02266513806 0.0755250380938 14.0509483526 nan nan -1.49126385756 0.0565959181066 29.222521579 1.52407538842 2.83960774548 6.18004655838 
3.96075936736 170.68182373 2.82993533034 4.98244734564 -0.00938413793964 23.5703603472 nan nan -2.32724063766 0.092599147173 38.817312576 -0.119095697969 4.51462055019 5.7300362587 
27.9795305692 266.871826172 8.70283677651 7.48698038725 -0.053436790094 21.4299790852 nan nan -2.49162838237 0.0957676906629 83.3605879849 -0.349441396012 8.76175965117 11.4801673889 
2.22435639838 92.6983642578 2.5023896091 9.8884206697 0.101861976548 18.0180530121 nan nan -1.36637273502 0.109108156977 119.023174978 2.03853576543 2.86357147179 10.200138092 
12.2428639361 71.0998001099 2.67346076341 6.42612668363 -0.0720089616094 11.990506146 nan nan -0.794989465029 0.0368780336109 52.1983331096 -1.21919257544 3.38430617356 6.96006441116 
12.7472132802 158.865432739 2.31755547074 0.10643583259 2.09657871493 36.1181360513 nan nan -1.83047545409 0.296849815171 15.4354150128 13.5376921688 8.95648508625 2.31999826431 
29.631781223 10.4948863983 0.359489174657 7.96197605755 0.616963613866 18.4797983105 nan nan -1.8278359974 8.82361562784 33.7494897613 43.6355133308 0.89406170379 7.97008752823 
2.16621765816 45.6388664246 0.679463824933 7.05743469382 -0.453820234227 29.1042152867 nan nan -2.33530073296 0.781730024322 25.2209415766 -15.886503239 1.65789582211 7.09006738663 
7.79900952534 43.2274436951 2.43222483588 7.50584669817 -1.61031527062 14.2337477909 nan nan -0.0568921319104 0.0573718444205 67.7680861682 -31.5023138109 3.0817484827 7.89008569717 
3.23048970772 54.1265258789 3.34848539765 8.18138965449 -1.2771962875 20.9066003753 nan nan -1.0422303792 0.160313882397 84.5646368901 -20.7922738228 3.59792959455 8.84010696411 
10.3593058517 8.08685398102 0.723574748245 8.57964398242 0.0791759312911 49.4967213934 nan nan -3.47162430285 2.67977168894 96.2812698112 6.20745407913 0.732237945159 8.61010169983 
1.34957594542 46.7073516846 0.0059693076117 6.70005580111 0.898673697935 13.8198538101 nan nan -1.89347491192 0.303700858878 0.190014156609 26.5318511671 2.0118273204 6.70005846024 
1.06286794736 101.939155579 1.50474993061 6.0559000847 -0.173612509487 18.7631993234 nan nan -0.427992958048 0.170064010472 31.6192066326 -3.46151835377 2.87541963078 6.24004793167 
1.94989464545 124.386489868 2.63427458464 5.21216368915 -0.294136967279 10.3668291418 nan nan -1.24024146007 0.0921520653473 38.702345673 -3.99372209215 4.22324362898 5.8400387764 
1.45111508672 23.9357147217 0.0173862626733 7.47005585124 1.01401862282 7.07393003761 nan nan -1.18651797819 0.17710451611 0.967105709494 44.549508566 1.44544837303 7.47007608414 
11.4210216538 109.415687561 -1.86979334435 11.3978189393 0.168514997519 19.6025942914 nan nan -1.65518604244 0.0438110352997 -147.168209066 2.79744396983 3.45280741711 11.5501689911 
1.57160285959 6.21045398712 0.574950875214 8.51070122037 -0.0307355548935 39.9907497327 nan nan -1.70033617814 2.44803608766 91.0662893172 -3.0594594099 0.575871252417 8.53009986877 
1.57662251432 38.6713752747 -1.43907073624 9.98698709946 -0.0210079558 65.7218846489 nan nan -2.06308206119 0.180741633593 -135.93817695 -0.581654879989 2.06941937559 10.0901355743 
1.06802862881 127.55091095 2.00443181018 5.3893576017 -0.325685003346 14.6166594347 nan nan -1.42571477979 0.0930092318255 32.7968710398 -5.02967748421 3.71482351306 5.75003671646 
4.7192084827 85.8428268433 1.91778472129 5.78020274349 -0.826894523438 9.72712177217 nan nan 0.198758748819 0.117120764332 35.1884471401 -13.9537220266 3.42913252976 6.09004449844 
1.24998353663 62.65807724 1.6914587844 6.46236350703 0.741311083501 19.3467847265 nan nan -0.539181160955 0.168229431904 39.6963440131 15.6385024501 2.7500068035 6.68005800247 
1.50449864833 81.9697036743 4.44839110315 7.14911574917 0.936462230497 7.72829074012 nan nan -0.196553978796 0.096321385804 73.1075505191 11.3888933612 4.74236577827 8.42009735107 
3.38206858066 59.3581085205 0.968497147731 6.5083904669 0.788397236856 29.5749711133 nan nan -0.625650662088 0.515315078328 25.9331297186 19.5956434663 2.35075848623 6.58005571365 
1.31103723722 258.800109863 3.91306887732 0.963727447258 -1.00726484666 21.1189434096 nan nan -1.30150809832 0.0915572862479 27.4397535936 -6.76474556646 8.55114580037 4.02999734879 
4.89029777847 2.65387439728 0.234254469915 8.21675422824 0.1311931841 16.0897211742 nan nan -1.77411283455 1.00350320672 39.5919755197 19.6428067993 0.390275512236 8.22009277344 
7.5650166195 195.908752441 6.85797925371 7.84522168916 0.317796588535 4.58237585263 nan nan -2.14291588722 0.110804202813 84.5461111478 2.64117644524 6.89649249636 10.4201431274 
1.72620748343 125.941635132 3.6363907804 5.37563563873 -0.308736868301 42.3380786197 nan nan 0.18946324989 0.150736309363 49.3310331624 -3.68459450641 4.80419702173 6.49005365372 
1.59146209023 84.4870376587 1.67212079269 6.14667069348 -0.178148702807 8.26510816094 nan nan -1.60828224323 0.0781793779614 35.395093384 -3.53121660876 2.89238374539 6.37005090714 
1.03769758989 120.101112366 3.43872652987 5.44512958298 -0.247154055589 29.4557316339 nan nan -1.05670923569 0.083589157913 48.3829896589 -3.07570820541 4.60631724257 6.44005250931 
1.26626780368 7.43775367737 0.464998103977 8.09674877463 -0.242323053682 43.7715791446 nan nan -1.36974265334 0.202773759886 49.0678284268 -21.4897572575 0.661479591377 8.11009025574 
1.98515712792 128.876586914 5.1034057256 6.98423404935 -0.032632906916 44.4840497304 nan nan -0.722144334811 0.0940517684179 73.4580187308 -0.351200752279 5.32384835657 8.65010261536 
1.40307288306 22.2955818176 1.60515219895 7.5002415812 -0.310102907827 54.2418461024 nan nan 0.772212818857 5.47663099283 58.0835588773 -9.312785338 1.91629702583 7.67008066177 
1.1423056431 40.1178665161 1.66065605318 9.53661703808 -1.20219027392 19.7280045605 nan nan -1.12628778817 0.1268566734 121.973292318 -31.5541643802 2.29730600167 9.68012619019 
1.44223243499 24.519613266 0.798157128972 7.69881930234 0.791336945769 44.536366119 nan nan -1.42890207926 0.0993271591258 44.8916817226 34.981943868 1.38027514452 7.74008226395 
1.72461422405 102.08745575 1.95260943475 5.52515847929 0.677473357145 55.0057807639 nan nan -1.2012930367 1.38123418304 33.2798645569 10.7793059677 3.62233844742 5.86003923416 
6.79288553041 94.0397415161 1.23828289844 6.16695815155 0.262720799621 26.4106607637 nan nan -1.48155438314 0.0763122950718 27.9575286377 5.68034037296 2.65432684908 6.29004907608 
2.42389963323 25.7808952332 2.09037801803 7.84641250637 -0.269893027926 13.6731470843 nan nan -1.74179645649 0.196392135308 72.6373767676 -7.02509072068 2.20673947638 8.12009048462 
1.40229905856 122.993415833 4.94927054739 9.03313970412 -0.535671844908 17.0033167339 nan nan -2.21675164077 0.106850710368 96.1482431048 -6.14196059298 5.00664171085 10.3001403809 
1.30753868382 147.543304443 1.14422395476 5.6350398208 0.0915192221732 16.3014844595 nan nan -1.01177551363 0.676971820589 21.7710580292 1.69922922171 3.08636048689 5.75003671646 
1.61500616976 64.4454269409 3.39650480683 7.15482518475 -0.199003556144 21.2639514665 nan nan -1.64389986218 0.0905830551785 68.3941170078 -3.11805025105 3.65859844774 7.92008638382 
3.55923693589 24.2965164185 1.13702343271 7.20085598784 0.111881952789 17.0928712964 nan nan 0.860362642449 0.0447871889289 41.1927291613 3.70786697115 1.73006214403 7.29007196426 
10.0012762001 82.9284591675 -0.00374479621895 10.9201539294 0.364892664459 33.5414574711 nan nan -1.10551325147 0.284877397284 -179.911344132 8.57403775853 2.44751010667 10.9201545715 
1.84496924681 9.10046768188 0.714520015702 8.22913172198 -0.288270205637 61.9951626893 nan nan -2.00598212961 8.50261836312 69.2387209386 -20.6689014044 0.816705692607 8.26009368896 
1.00570056245 30.6105918884 -0.986658603804 9.1772296556 0.637774541155 16.404292252 nan nan -1.74697513624 1.5965512684 -124.465198293 28.0547660304 1.35605736318 9.2301158905 
23.2502403516 38.4435119629 1.17782180779 7.04225208417 -0.192208735332 10.186189702 nan nan -1.62913943277 0.622970737751 38.9372954928 -5.85577732775 1.8839419829 7.14006853104 
1.29761516581 25.8206119537 0.0923442365897 9.29965902168 0.59039517471 15.5257819436 nan nan -1.13881912727 0.048507090269 173.412689452 36.2576063071 0.998272743947 9.30011749268 
9.12652447394 177.365814209 2.00375835784 4.74422693118 -0.00480509170502 21.2681526834 nan nan -2.99201557414 0.0458451462172 28.0805554411 -0.064674711412 4.25686527741 5.15002298355 
1.85519675197 16.1679019928 -0.258510246119 9.01640595914 0.304307011096 14.4524345355 nan nan -2.04520309736 0.0837931894664 -153.40768208 27.7866019403 0.652767507608 9.02011108398 
1.54852822989 214.563995361 1.93095728106 3.83086573639 -0.395654308208 13.4080147295 nan nan -0.284434310614 0.161455764309 22.4679265593 -4.4774712957 5.0681311274 4.29000329971 
1.80360029095 54.9357299805 2.72406120578 6.42656954538 1.63843704085 6.46239870677 nan nan -1.76190440888 0.0561301329239 52.7232730243 25.5757888999 3.79527327604 6.98006486893 
1.39629094019 170.856811523 5.12227365229 5.20128509661 -0.106274461094 15.0996133967 nan nan -0.880360469714 0.135321865363 57.2186966508 -0.999328227778 6.09348025711 7.30007219315 
11.8766983304 284.737304688 4.29037046105 2.38767524233 -0.436346642904 22.6969436369 nan nan -2.49117324395 0.0438761094842 35.0658313168 -3.34402124566 7.48052077258 4.91001749039 
8.72041096795 53.0332374573 0.225494662825 5.69557351631 1.6296945772 11.4570153555 nan nan -0.302951967263 0.0615490955979 4.59707419075 30.0813805867 3.25139357205 5.70003557205 
11.6578894902 46.1546058655 0.166884639545 9.90872620279 -0.0755362187186 38.6336925874 nan nan -0.722899776741 4.0651017865 173.243947216 -3.04800083366 1.42058639923 9.91013145447 
6.43247404198 108.981536865 4.15018287356 8.49003931853 -0.0359854243596 13.3538522355 nan nan -2.0737689887 0.0514546149697 89.8624870443 -0.496786622688 4.15035083456 9.4501209259 
3.54352804969 15.9330511093 0.92621315598 9.04280254328 0.00612500920464 91.4055883158 nan nan -0.924574928115 0.496711512364 120.372219784 0.326891162257 1.07356552061 9.09011268616 
2.38986490346 115.476837158 2.126637592 5.31001174525 0.63407890815 35.0710585886 nan nan -2.65242438189 1.20304953877 33.6898033578 9.39104955465 3.88595787097 5.72003602982 
6.47149839481 117.682052612 4.50574785576 8.71417641014 -0.350494478941 48.3448486012 nan nan -0.260095289741 0.0705874071982 92.7214515594 -4.44298778767 4.5244316388 9.81012916565 
3.18582126573 128.566864014 3.10111908298 4.69897254037 0.832977499465 8.98741658379 nan nan -3.22919966491 0.0784980046516 39.2097456349 9.63701464407 4.97580152642 5.63003396988 
13.0194013947 64.3978118896 0.186823388762 10.5184864216 -0.456425764664 14.873368226 nan nan -3.03143860583 0.398945399367 174.711987462 -12.6891308009 2.07786305884 10.5201454163 
3.63094084992 38.7777175903 1.47626336773 6.73005289585 -0.0268929927695 10.2320310045 nan nan -1.96539238333 0.062841800924 39.8305401142 -0.668513707063 2.30494891819 6.89006280899 
4.57315611904 30.0788078308 2.30820082046 7.38790108387 -0.118945378349 57.3168410715 nan nan -3.50145447203 0.143523968168 64.2750764793 -2.6580053463 2.56489824942 7.74008226395 
11.4074892233 47.6246490479 2.96778470748 8.0931088706 -0.00974808900775 19.2434494846 nan nan -2.05895243589 0.104300294888 82.193269076 -0.186450836116 2.99556363417 8.62010192871 
15.7483801836 205.015136719 5.5379601972 4.34666878759 0.27036940807 34.218533218 nan nan -0.477102301193 0.102097738745 53.131022319 2.23668528074 6.9276448323 7.04006624222 
18.9975805164 324.138427734 6.18547819378 2.89648040382 0.0619889205036 14.4418329808 nan nan 0.320492654476 0.690252610806 47.826086401 0.425537970945 8.34646122478 6.8300614357 
3.64353552396 310.51083374 4.29611782288 0.85312285312 0.733542964253 26.5928047643 nan nan -1.90207163457 0.167414428944 29.3278596397 4.7806506324 8.8016727801 4.38000535965 
1.56868648367 19.5975570679 0.667101216815 8.79484250853 -0.665652852108 14.5840132356 nan nan -2.83070560782 0.159712477668 113.84426257 -42.3855100391 0.987446129078 8.82010650635 
1.53396243046 46.4772529602 -1.63750859037 9.96650936186 0.397222234556 11.6080094091 nan nan -2.67326846991 0.061499296726 -131.846783477 10.2430056177 2.23380160166 10.1001358032 
4.23688963399 72.7680206299 3.69193880604 8.8184776526 0.771072859919 7.30375333238 nan nan -1.507439044 0.0656550883157 94.9302997147 11.7543957139 3.78502226123 9.5601234436 
1.32705582671 10.5434007645 0.637782618805 7.91443064175 -0.311870942052 18.2751212605 nan nan -0.428017752917 0.125732315031 47.4439286321 -19.8090021623 0.920283449091 7.94008684158 
24.0406139923 212.344329834 3.00167981528 3.66846660186 -0.446679830243 4.83333874525 nan nan -0.71017399587 0.0261588448331 31.8513846985 -4.49020298481 5.70555164393 4.7400135994 
1.80222535965 93.7167053223 3.5132835412 6.30763464325 -0.0375082142782 16.9905906005 nan nan -0.997360657536 0.145138186878 58.0349396874 -0.518931226368 4.14138068336 7.22007036209 
1.53084663204 80.2349395752 2.97650269839 6.34676695491 -0.15168125355 20.9767261152 nan nan -0.98981152429 0.295709935302 54.1176311639 -2.36431702654 3.67681765426 7.01006555557 
7.97311130614 83.0124359131 0.572400706744 10.6647991902 -0.148091837263 8.53500013283 nan nan -1.77795119629 0.093029457712 165.189211705 -3.78381302205 2.24408763091 10.6801490784 
5.66763882254 117.604637146 1.28846063761 5.32640628078 -0.585178923704 25.9000104279 nan nan -1.52422177802 0.062865279349 22.0968670765 -9.69517176148 3.47480391994 5.48003053665 
8.00628876369 6.08705663681 0.380662752941 8.06110648903 0.117165755825 27.2740207837 nan nan -1.35745535476 3.73146139186 40.9358748232 11.4019616725 0.592671460243 8.07008934021 
1.59800956147 14.8290576935 0.320899226624 8.55408353976 0.633228635252 19.6064396825 nan nan 0.594081909258 1.03332772922 99.5665818971 62.800747878 0.711954947609 8.56010055542 
8.07045959971 165.336074829 7.53189775096 -5.1071098809 3.4102970227 12.5014413969 nan nan -1.27649065998 0.0679825995614 28.9656961461 12.367804064 15.9220931044 9.10011291504 
2.26852903538 129.51361084 3.9779365675 5.57668078782 -0.218746009543 12.2371125105 nan nan -1.23985524643 0.0604846235304 53.6884544494 -2.53719012887 4.94141926657 6.85006189346 
1.11718653518 1.67142355442 0.0117764781355 8.23008457681 0.279458631347 10.2920556426 nan nan -1.05615837801 0.862229120552 2.49824492684 45.9679630368 0.388703161486 8.23009300232 
3.8866423606 29.4862689972 2.27905898356 7.43878917761 -0.0869648561593 4.73822513446 nan nan -1.83170421158 0.111192246224 65.0316404218 -1.98118567433 2.51552005484 7.78008317947 
2.48274740106 194.218414307 3.92157948903 4.3544545166 0.181234932155 12.5097238915 nan nan -2.21125009374 0.202798708267 43.409717109 1.81906197015 5.70939393844 5.86003923416 
2.4940197104 171.477859497 7.05260823837 6.07774703532 0.654703244274 7.92433454166 nan nan -0.710412383615 0.0541373164836 71.0447139843 5.01755097219 7.4856682218 9.31011772156 
1.38955819326 106.36946106 4.46021135001 6.83327201069 -0.139159638285 16.0365225632 nan nan -0.412670717489 0.0737091554096 69.509881487 -1.67406570244 4.76348956985 8.16009140015 
2.02131297198 54.90284729 1.13381535667 6.7859946834 -0.371250689595 9.99824240613 nan nan -0.897448312567 0.048740976676 33.4846554595 -10.2400590207 2.08834349734 6.88006258011 
4.8562260892 55.2733764648 1.18144127095 6.74741020448 -0.442276507946 32.7160011805 nan nan -1.37633611975 0.246450097984 33.9843702967 -11.8186749821 2.15939412279 6.85006189346 
11.4478533604 274.60168457 5.47230674883 2.43607563918 0.440231325216 15.7829001998 nan nan -2.12870579649 0.149790811269 42.0642472142 3.08506477834 8.17992196948 5.99004220963 
3.55515971084 47.4210281372 1.70920837555 6.96336838859 -0.921101191317 19.3584390538 nan nan -1.14834718078 0.157874756379 48.0434706123 -21.838841692 2.47609720829 7.17006921768 
26.419510695 25.7258834839 2.03516489901 7.66448807937 0.0848383051669 6.87245267547 nan nan -1.00720964114 0.0786839820254 67.6800013222 2.20840059655 2.20162982213 7.9300866127 
5.61550119445 107.879470825 2.44409525859 5.5890020614 -0.158345477781 18.29397714 nan nan -0.630812514808 0.14048965094 40.0170664561 -2.38550723937 3.80428494226 6.10004472733 
4.99592616014 94.6091079712 2.44669989617 5.43468072418 -0.947363833493 8.47571445204 nan nan -0.16398971715 0.0690589918057 38.5964341137 -13.5795542723 4.03485078753 5.96004152298 
10.9047545359 257.882202148 3.34232183576 3.69181187338 -0.102771806371 39.8346602635 nan nan -1.30451369194 0.0656417905484 34.8043710679 -1.00547119984 5.85665009702 4.98001909256 
2.50799008384 39.9202232361 2.73964635386 7.24969768345 0.130916330632 16.2433358045 nan nan -1.56481291925 0.116021654683 65.4692949821 2.48923188564 3.01430872882 7.75008249283 
1.25031134831 159.288726807 2.30666734896 4.68272809555 0.115291871944 10.2193540747 nan nan -1.72902468223 0.267525828664 31.143358578 1.48075206292 4.46156601061 5.22002458572 
1.18464320555 196.049957275 6.16388138535 1.86570163478 1.33244116286 17.226785682 nan nan -3.60227276691 0.190428446768 42.8949522727 8.37026585364 9.15329164749 6.44005250931 
2.14852855601 98.7656555176 6.26063404061 5.99792870149 1.53202402539 5.15970874009 nan nan -1.92179576989 0.186346958797 68.2158098535 12.8020744534 6.91397114455 8.67010307312 
2.87562693535 32.4437522888 1.22423997268 7.69328512395 -1.02953519413 14.4109103414 nan nan -0.918935883985 0.0917706262127 56.617051765 -35.0769248153 1.79150638232 7.79008340836 
10.1589943855 127.164375305 4.41769465999 4.27867247117 1.20024043988 13.7246942396 nan nan -3.91078423815 0.0377174081726 46.3021231501 11.113086507 6.22705462703 6.15004587173 
1.29184263704 55.6169281006 1.1101779158 6.11000751069 1.32407536745 48.5248856545 nan nan -1.91085611294 0.117933933352 24.9153890521 26.6771093698 2.94919220845 6.21004724503 
3.89181471591 73.9477539062 1.15269310448 10.3662524106 0.206550542786 24.1653220321 nan nan -0.277906936522 0.0709494230533 148.298397167 5.3792973949 2.20323911093 10.4301433563 
7.06322131664 177.057571411 3.2642100582 3.95753254074 -0.615250874046 13.7635771459 nan nan -2.95920886678 0.325268404404 35.70096543 -6.27677044521 5.6273982941 5.13002252579 
1.58185232902 9.37383079529 0.153732759132 8.92878566324 0.0831448863182 8.48057958265 nan nan 0.119540529376 0.337272114232 160.275692302 10.3443615307 0.463037772061 8.93010902405 
2.24685636679 382.617553711 4.86573296913 -4.83581378835 1.42468770681 21.1015040819 nan nan -2.66813935469 0.122531560413 20.0451094136 5.73102404743 14.2670607269 6.86006212234 
1.50302740241 77.6935424805 1.61149252824 6.05942253911 -0.743045105973 22.8872593426 nan nan -1.32645431763 0.0649006357084 33.4364431913 -14.2553283828 3.01752258329 6.27004861832 
3.45344867269 117.480819702 2.1047649697 5.3831957798 0.540633608206 6.72976221031 nan nan -1.48313670131 0.15168018651 34.0309937154 8.18025446869 3.79957745322 5.78003740311 
2.25825885291 67.6455688477 2.89950330184 6.59043907717 0.169675521011 8.25830316586 nan nan -2.41507499278 0.0514920562416 56.6318157699 2.79794429143 3.47596491608 7.20006990433 
3.9217571245 39.5986480713 0.2338720778 6.77602548732 1.11396704828 6.89544044034 nan nan 0.105412979658 0.3569433673 7.72550767463 32.6313221366 2.06584289185 6.78006029129 
2.47252426194 169.482315063 1.9556175927 4.65599278869 0.365283004277 14.1207266152 nan nan -1.24462736807 0.362767249298 26.9644667477 4.84117377602 4.32830951789 5.05002069473 
1.40084289815 88.142616272 5.79899460787 7.30908795801 -1.41439249191 13.8909546827 nan nan -0.901225052359 0.091394017952 78.3947913231 -13.4370435244 6.08663421564 9.33011817932 
2.40376100074 166.922622681 2.6922943275 4.61166381731 0.297037048322 25.0167557375 nan nan -0.891557554366 0.0743032411706 34.6988317672 3.59379605115 4.73875912276 5.34002733231 
1.19877624763 81.168006897 0.992175813375 5.77543478721 0.8953825469 32.2962742306 nan nan -1.29282236535 0.0673406721774 20.0095658839 17.1604479442 3.03469575884 5.86003923416 
9.25210212042 260.056854248 8.3519636774 5.85555461319 -0.256319688948 28.6332490457 nan nan -1.38151428364 0.755428124468 72.4308805208 -1.67589223197 8.76436469206 10.200138092 
1.01035185698 172.300415039 2.55069167879 4.75965145584 0.198781820407 19.3300372156 nan nan -0.937837529807 0.222101068405 34.2916245815 2.51410488118 4.53163871951 5.4000287056 
2.14061198178 67.5480957031 0.934592019616 6.66485062679 -0.259077740168 12.8801551049 nan nan -2.67372502848 1.00217809737 26.9885155571 -7.17019671689 2.07565814637 6.73005914688 
3.95934590686 186.856018066 4.79243722975 4.25691317367 0.309042487667 51.5555469306 nan nan -1.02368250381 0.118382624223 48.4792406107 2.76416618063 6.40833423567 6.41005182266 
1.64327473297 19.7818393707 1.669731759 8.32428832327 0.307167365303 40.8241216089 nan nan -1.88945119225 1.12562739791 83.9926760665 10.3677113989 1.70681883358 8.49009895325 
3.28548745743 328.827728271 2.52542285038 0.659036359258 0.673399361639 15.5947204702 nan nan -1.11215681035 0.122971310343 17.8527464721 4.67335411688 8.26510363449 2.60999798775 
9.29325537063 401.126373291 3.40915899873 1.60950657277 -0.299948752947 7.81521983411 nan nan -1.9260786957 0.106846294778 26.3244875864 -2.23434934509 7.69358395052 3.76999688148 
12.9609630066 16.6904964447 1.368449033 8.08510118858 -0.235388927926 10.5977144614 nan nan -0.0233774187665 0.157866237563 73.1332691575 -9.34773756269 1.44920727539 8.20009231567 
1.26755448782 31.8123836517 1.91699558729 8.82428684037 0.203833716465 11.4898649755 nan nan -1.15949917699 0.105277362805 99.6014908074 5.98504124992 1.95488675388 9.03011131287 
2.05784872797 74.0266036987 1.7101731013 5.94911650517 -1.01816315678 4.57990094434 nan nan -3.18732755533 0.119806742479 33.8388422977 -18.3418912076 3.23548371259 6.19004678726 
1.12163489231 25.5176849365 1.73943424633 8.01348129643 -0.562302647435 9.53181075461 nan nan -0.767026202483 0.129089425698 74.3737261254 -17.2923737343 1.89169664945 8.20009231567 
1.80665375398 100.95349884 4.11129062061 6.46329031309 -0.180973820682 8.45134896106 nan nan -2.30207707662 0.317459191336 63.6464500626 -2.25880119195 4.59169341743 7.66008043289 
3.07106219836 80.4938964844 1.61423673708 6.25511983051 -0.331046685208 30.6910878701 nan nan -2.5462350452 1.76223921228 35.7189597831 -6.82737464421 2.78475117856 6.46005296707 
2.29667052342 92.4265823364 5.0438369568 7.76591705953 0.938229004162 14.0220133947 nan nan -2.00208512054 0.0481623532822 81.7192801209 10.4299982327 5.18260963942 9.26011657715 
3.92809922496 88.5294570923 3.37946139011 6.10741731726 0.643685881418 12.4979688645 nan nan -2.2481234591 0.083899081087 54.7023643209 8.83614650928 4.19041080264 6.98006486893 
1.55254029352 40.7188148499 -0.353461134602 9.84378625542 0.0188237418943 16.3574964512 nan nan -2.9371174463 0.0483560591711 -165.263089786 0.77614890026 1.3896224693 9.85013008118 
13.9866846923 90.0971450806 3.57088060381 9.39436098804 -0.512000062251 59.8512512792 nan nan -0.466470860094 0.166419071244 104.06101979 -7.91823878392 3.71661323349 10.0501346588 
3.65679731425 124.776527405 1.02645717136 5.99277264671 -0.000176343564312 18.265578578 nan nan -2.21168427426 1.89915371673 22.2641593087 -0.00372940917552 2.70920714542 6.08004426956 
3.24030456455 163.367843628 5.18399316216 5.15396679364 0.32624955954 19.6937790111 nan nan -3.1411745611 4.86429594047 57.1595859273 3.02676322795 6.17868611426 7.31007242203 
3.04910136999 38.7094917297 1.01253214882 7.27999702713 -1.25484910185 48.9285087789 nan nan -2.07462739866 0.0888895802509 39.6907177277 -38.3609745984 2.02194828683 7.35007333755 
6.24589655503 137.692871094 3.47932529784 5.24013481232 0.0287484086061 9.29475960187 nan nan -0.94222801332 0.0306152480442 46.8651640923 0.345468368799 4.7679400207 6.29004907608 
1.53870088799 76.110824585 0.390096221233 6.39817077823 0.494250310551 7.93837308495 nan nan -1.56813230649 0.0791807545997 10.5143679111 13.0182685201 2.19411588317 6.41005182266 
1.65878254653 43.775554657 2.3671326137 7.35872621165 -0.692524857877 10.7985484579 nan nan 0.547649068273 0.0750828584767 64.2597294699 -14.76342201 2.71761169957 7.73008203506 
1.12144938457 143.635848999 1.42848070972 4.488169393 0.718129282935 7.27460522929 nan nan -1.57869683032 0.0859192087468 19.5991392513 9.57184412969 4.31868633086 4.71001291275 
1.36649119525 13.0459842682 1.08568613052 8.6623327846 0.327261908501 10.6733627528 nan nan -1.27936210877 0.151622826652 98.5039182504 16.6003304294 1.14549843462 8.73010444641 
4.33817566383 49.8208465576 2.69971506754 7.42447952338 0.876420602839 24.540112605 nan nan -1.57836606961 0.174329982541 68.2785053967 16.7824402652 3.03534492515 7.90008592606 
1.37145668728 36.1919059753 1.03696382115 9.53389673047 -0.468460848222 25.5957977472 nan nan -2.04958945975 0.21195338569 134.915140967 -17.7403442351 1.53743031776 9.59012413025 
3.20407961384 250.369125366 4.68027887336 3.8337992935 0.0905990346573 34.2137632352 nan nan -0.25783313889 0.119051204484 45.0863018987 0.785390138566 6.60958754771 6.05004358292 
3.18939571907 55.4285888672 2.32230322141 6.81527067511 -0.833440478632 20.8162557696 nan nan -1.77630433192 0.567925005409 54.0407580895 -16.1982792906 2.98764592643 7.20006990433 
1.21809375408 122.964019775 3.86444265898 10.0636845357 0.352781037321 20.5988320797 nan nan -3.21888385793 0.603697717663 112.029925349 4.83706205368 4.1837161534 10.7801513672 
1.8579767085 135.10055542 4.75612111986 8.24694154476 0.0607150650147 68.9062352596 nan nan -2.44622149826 0.153544590854 86.9543411501 0.730346240897 4.7632355608 9.52012252808 
1.84786314123 45.0391731262 2.42574924313 6.94884332194 -0.151722799508 11.6697415856 nan nan -1.04955088026 0.061049844036 57.4029284182 -3.01637723698 2.88329086953 7.36007356644 
2.29795783197 60.4463386536 2.60037491627 10.0801351907 -1.06676610683 10.4559289582 nan nan -0.588696785354 0.0733765945848 121.285237422 -19.3198625417 3.22440178216 10.4101428986 
1.28759442459 20.1411857605 0.659078244909 8.31401281874 0.915209149559 15.7289482991 nan nan -2.39161583803 0.0954650018389 74.2413120479 53.1938253204 1.14305868263 8.34009552002 
2.18763515074 103.720626831 1.9936174685 5.68035261777 0.586802179792 15.9475721213 nan nan -0.695690612724 0.0458755541866 35.2620281904 9.64401404529 3.50275017223 6.02004289627 
2.99482899554 109.55897522 3.91130004207 5.40290687352 0.868606355492 12.5163356677 nan nan -1.37861765754 0.0415936354009 51.6266865006 9.87641727477 5.06406268266 6.67005777359 
1.23759263012 11.3455247879 -0.183847840921 8.30806091161 0.586370067971 28.4985978377 nan nan -2.11339481887 0.810112511192 -43.7665278563 65.6167109899 0.643793832585 8.31009483337 
1.39701594872 41.4824981689 2.49034198623 8.17938948733 -0.609123529945 11.720152317 nan nan -2.3428816549 0.189264234878 82.6640042407 -13.6360827153 2.58372324058 8.55010032654 
1.09497980654 20.6221046448 0.472002742626 8.49699978794 0.88632449363 57.7308248921 nan nan -0.987220898687 0.0799312268539 89.6358131888 61.9624584313 1.00417463537 8.51009941101 
4.29889654974 10.793586731 0.88706594121 8.5240683637 -0.210275731169 9.1200726797 nan nan -0.868302236108 1.16335097602 91.5541994634 -13.3308800003 0.911965543924 8.5701007843 
1.89831822283 80.0539703369 3.96062940514 6.97389628426 -0.635671246845 24.3329604057 nan nan 0.42407626059 0.329621292409 68.9274039641 -8.51756096064 4.29181264387 8.0200881958 
1.18440949196 30.2005462646 2.4706378211 7.78757638702 0.138737576679 25.1227972329 nan nan -0.636020032857 0.499382700013 73.9147582094 3.08846424386 2.57504306033 8.17009162903 
1.06457351141 130.038635254 5.62663517738 6.06097599324 -0.703587490528 18.6037133391 nan nan -0.985555736086 0.11666598129 66.5643167862 -6.54495482502 6.17275439992 8.27009391785 
1.28496448571 147.470657349 1.67304717629 4.77542928891 0.522315884917 9.41713164785 nan nan -1.11160916213 0.209005078719 24.1892322879 7.28980711669 4.11634883357 5.06002092361 
1.05684361466 12.5176086426 0.982731379527 8.86580960507 -0.121594374313 9.28379218008 nan nan -1.91623920659 0.0703422333547 110.417160498 -6.61436066563 1.05563384908 8.92010879517 
3.10357294208 91.1033401489 0.730874009518 10.9558042952 0.264562337589 43.7740054718 nan nan -0.32449073243 0.16164578714 163.42642359 5.89511080317 2.57587747857 10.9801559448 
3.76486632514 125.586051941 5.38731285817 5.94126879013 0.724383661375 10.1531431977 nan nan -0.861949469302 0.0295178842553 64.5943853256 6.92509618675 6.00790953036 8.0200881958 
8.95404995 29.9309577942 0.896537415508 7.34556485243 0.426683760522 16.167802414 nan nan -2.43806315807 0.0432808152424 37.8330087102 16.2732553542 1.52268147649 7.40007448196 
1.0765988661 90.9061660767 4.74134093125 7.43733587765 0.799332924499 10.0209884557 nan nan -1.30934724486 0.123480908684 77.3672159595 9.34186976125 4.92427679842 8.82010650635 
12.9155609486 88.7067260742 1.69600827956 10.8281376153 -0.417202116075 23.9915682932 nan nan -0.58798402096 0.105324049934 143.927304658 -8.24152280195 2.91045124437 10.9601554871 
1.70594689356 44.6883163452 1.9340554741 6.67553904647 1.63192275714 8.20864328309 nan nan -1.36602716478 0.525656887051 46.670213464 31.5408206853 3.11967950807 6.95006418228 
13.8863934371 70.1506958008 3.04005090962 6.41631129324 -0.968734860553 21.6665861761 nan nan -1.89073392515 0.451424909792 55.5727757335 -14.7266873124 3.81078933947 7.10006761551 
1.11960061026 47.2495498657 -0.353034839359 10.0439321514 -0.215515222944 13.619635038 nan nan -1.78332170931 0.13371511777 -167.120199938 -7.74901193294 1.59837633157 10.0501346588 
1.61304143131 14.4986314774 0.857580455573 8.29588747786 -0.539226685398 27.6922013575 nan nan -1.58297695959 0.167848999354 76.6121368904 -31.4536980451 1.03337871941 8.34009552002 
2.55262848612 322.327301025 1.74493934667 2.42801821988 0.335815234274 24.7697781792 nan nan -3.21990814459 2.33744648109 16.0333591274 3.04265773259 6.32665377062 2.98999762535 
2.4977229568 217.234436035 1.90085518775 4.3858053215 -0.0494852593199 8.74912122177 nan nan -3.21842448793 0.333603583857 24.7980531445 -0.625579644373 4.53236109421 4.78001451492 
1.31546651992 55.5357933044 3.18697091801 7.95549142548 0.520054429702 16.7172541981 nan nan -1.885330037 0.271031317617 80.3043729492 9.13778915239 3.27471064826 8.5701007843 
8.48256713016 176.437149048 2.51354532133 5.01543277541 -0.222758773433 18.7070898815 nan nan -0.428658331861 0.77088071427 35.8042849974 -2.96791544319 4.30229477096 5.61003351212 
10.9193452737 34.5687713623 -0.543520346134 9.55467700867 1.33607247833 9.47352159902 nan nan -0.363730099279 0.0716246060653 -152.736004869 48.3935472279 1.78685411453 9.57012367249 
2.65804028748 210.644821167 1.98341333726 4.46971342626 0.227717278542 38.8634164652 nan nan -2.11034463678 0.448991190706 26.2030498922 2.90213225622 4.4976653379 4.89001703262 
11.8459371872 115.898124695 0.857387320746 4.92596005727 0.868629438312 17.030027683 nan nan -1.78163646956 0.378566942819 13.4899387611 13.2969253392 3.77669056597 5.00001955032 
1.77351622842 9.22633934021 0.684588910427 8.44238749092 -0.431841251152 40.3251098308 nan nan -2.22847946677 0.286383768612 85.1895309114 -32.1527201053 0.811460438763 8.47009849548 
1.13874220404 121.840255737 4.77902249962 6.6388889697 -0.0355938113435 7.70211153278 nan nan -0.659822064033 0.0628896199166 68.7223991953 -0.397639246818 5.1287481161 8.18009185791 
3.94159559709 24.6887207031 1.04444593345 8.2945968829 -0.897074666251 21.602978623 nan nan -0.607133975052 0.278515081829 78.8740670669 -40.1227618746 1.39204910303 8.36009597778 
1.36360197252 38.0632400513 -1.05349621812 9.96459886491 -0.0506248561104 20.7510034934 nan nan -2.66503770317 0.1040727723 -144.272271156 -1.60732384303 1.80484542074 10.0201339722 
5.39448521299 24.9988212585 0.555178939914 9.03306699884 -0.867158000728 18.123724497 nan nan -0.881275619105 0.324576733191 133.835973978 -48.4086464934 1.15945982199 9.05011177063 
4.6959412142 66.0617828369 2.15273789612 6.41867843089 0.298228719189 19.589878925 nan nan -1.88973924182 0.0768508334555 45.9663223162 5.68772389713 3.00917269235 6.77006006241 
6.00672819221 125.527397156 4.47203634957 6.04586242082 -0.08640000894 15.4414821717 nan nan -2.94322732078 0.0571469455949 61.2431618016 -0.970343254419 5.10189820861 7.52007722855 
4.84852507202 21.49559021 1.81449953308 8.15056381242 -0.0813715609747 30.4845363243 nan nan -0.515223721343 0.115791807148 79.0994320804 -2.52144981948 1.8496311891 8.3500957489 
2.15420556746 125.945281982 5.35044421772 9.75977430343 -0.741703312116 18.840252993 nan nan 0.00653158204035 0.080258352928 103.249106397 -7.68478050339 5.54656726505 11.1301593781 
1.99940734493 25.7925548553 2.12871968632 8.45628583136 -0.166340982733 11.5211048802 nan nan -2.43844383111 0.0344534581935 88.8235720271 -4.4671509024 2.1356562818 8.72010421753 
1.60918366721 14.8263015747 0.962087695634 7.6397408358 -0.0917041470611 51.9166472132 nan nan -1.03865935325 0.609601378976 48.1982298983 -4.06433330777 1.29385788024 7.70008134842 
1.43227239357 78.4036331177 1.58133216614 6.26351921189 0.203424312821 13.0578412784 nan nan -1.68379716548 0.0700499558965 35.2627062395 4.24743881149 2.74660502918 6.46005296707 
3.73958267826 33.7593612671 0.508436422243 9.61669386025 0.721184208233 20.8778662156 nan nan -0.734584374509 0.905853758989 155.519983354 30.4455371599 1.42324257778 9.63012504578 
1.78562208951 16.4078826904 0.0396012154182 9.04002480256 0.185910456086 17.192867068 nan nan -1.6359641446 0.409945790853 175.805880893 18.9494409985 0.57250130247 9.04011154175 
1.04260752684 21.5335578918 1.70382001558 7.785839233 0.110026967407 12.9053863766 nan nan -1.30745224661 0.310228646501 67.2588737279 3.40831043393 1.85071180365 7.97008752823 
1.67883144493 27.1094532013 0.224038940209 7.57676699941 0.115220024889 6.61036103156 nan nan -2.37938421312 0.173616022921 13.6401754679 6.91509953291 0.956989171438 7.58007860184 
1.92806066116 93.3431777954 4.42470447468 8.24826136205 0.557286648591 15.3649930984 nan nan -0.508418340292 0.0825407061058 86.7437307687 7.16707204052 4.46676062027 9.36011886597 
2.97153303789 37.7586936951 1.12636818839 7.34420259221 -1.28472142752 7.78803540233 nan nan -2.0146147016 0.0569250399569 44.2611944485 -38.5215661788 2.06278503242 7.43007516861 
2.52727137155 187.790023804 1.27810048357 5.24659596073 -0.0173999248941 24.9823684823 nan nan -2.14760268455 0.514767334978 21.4473925712 -0.285208971687 3.49549444946 5.4000287056 
6.20742541452 17.2449493408 0.982909712188 7.95962958724 -0.535033643578 19.2442249114 nan nan -1.95074828462 0.243903700115 61.1994974997 -25.5013017201 1.24272792077 8.0200881958 
1.1031826556 33.7802047729 1.41816352646 7.52765863005 1.19498969176 11.9786066116 nan nan -1.38486832899 0.20856245456 55.5641330893 34.7980923561 2.09395221792 7.66008043289 
1.01916698902 32.0942611694 -0.93462983036 9.01177543683 1.4143610388 14.9213217471 nan nan -1.09814739976 0.051203381926 -118.70379912 53.0057862595 1.77083713696 9.06011199951 
2.98231800784 94.8834686279 2.86291948672 3.65149243116 1.89688134137 12.2703219344 nan nan -0.310338668715 0.0411402696097 30.5607622302 18.6178663227 5.94159006123 4.64001131058 
1.18983137618 12.9496641159 0.193121303937 7.85771216925 0.182204263157 84.4368712543 nan nan -1.35401153467 1.96231333331 16.7348343567 15.1984827174 0.695002078474 7.86008501053 
12.616624535 74.7128143311 3.46140905896 6.6986132029 0.542850379324 26.2215249283 nan nan -1.8429415814 0.18134561777 62.5066255482 7.92002220327 3.93967430133 7.54007768631 
1.14332160689 248.594055176 2.44324446647 2.6303298878 0.574870640836 37.7007207657 nan nan -1.10175363562 0.0881609198056 22.599472672 5.16656589626 6.3838034903 3.58999705315 
11.8197671753 85.0176544189 1.54188155572 6.1806269769 0.0647404106664 11.0918971084 nan nan -1.66891608458 0.0815329113203 33.6153152749 1.33160698334 2.78587172586 6.37005090714 
1.1443696304 51.4361457825 1.2744386934 6.6897486156 0.882494519467 3.19314569462 nan nan -1.7326646777 0.107024448149 35.1460051174 21.7332847285 2.38327519075 6.81006097794 
1.49314925566 102.731994629 4.2412883522 6.72423657685 0.0364757807399 8.99848410196 nan nan -2.40049438558 0.214875373867 67.2816750154 0.454513194868 4.59817280059 7.95008707047 
1.64027067822 68.4095153809 3.6273270095 7.05186304824 0.900513425199 37.8686090785 nan nan -2.15190905574 0.142922355146 68.2366441911 12.9834015868 4.00818241774 7.9300866127 
19.9087244347 47.4713172913 2.87957492794 7.9336813181 -0.480413325669 19.9710360849 nan nan -0.711120300291 0.0628882474833 78.8737813433 -9.29680693217 2.97379649247 8.44009780884 
1.01506433931 167.235427856 1.79709351343 4.51555243433 0.448063062084 46.0481198178 nan nan -0.845302101526 0.515721874072 24.2766611703 5.85288189732 4.39387391799 4.86001634598 
1.06954082538 41.4304733276 2.43941019175 7.60859934155 -0.65986175407 78.3803979211 nan nan -1.97685932284 0.330149317531 69.92686404 -14.25545796 2.67968930138 7.99008798599 
1.24393831417 68.5892791748 3.12255093333 6.69797530115 0.24797119797 11.2436154137 nan nan -0.553737782088 0.0758689443916 60.0107480492 3.9346720379 3.6137386543 7.39007425308 
1.27216292018 329.383361816 6.10908099686 -2.89439774853 1.39829031599 7.14626638171 nan nan -2.80776435804 0.0994777604981 28.1978852181 6.17273821407 13.0041680428 6.76005983353 
1.08980505974 13.0046749115 0.874724169052 8.95750238137 -0.152493213679 60.4311283811 nan nan -0.661614745032 0.25291551289 117.610680231 -8.78160201154 0.998851831406 9.00011062622 
1.83923090251 56.3084564209 1.29719072688 6.4815231106 -1.10470189593 49.2217300034 nan nan -2.35119327385 0.0868128155184 32.7271601648 -24.7220172958 2.64146152988 6.6100564003 
1.30132809901 35.0559387207 1.05905939284 7.4956307123 -1.10509940961 5.92595745695 nan nan -1.06494623085 0.225064276448 46.5182394203 -37.1307062141 1.83074006041 7.57007837296 
1.04358189782 24.5217189789 0.267348437217 7.52532998134 0.431648234343 16.2192349646 nan nan -0.0267180058886 0.123881822813 15.3387633554 23.1268699835 1.09898909475 7.53007745743 
10.6709580042 0.422426998615 0.0746962900837 8.46976912244 0.0253838711276 27.8956412333 nan nan -0.414378521721 4.30594079342 67.9659711622 17.4847988568 0.0844853988789 8.47009849548 
4.22972767245 109.224784851 1.37230649023 6.00524294751 0.150797592515 5.56157449665 nan nan -0.504160036374 0.070072022639 28.8141457949 3.03165915955 2.85127651553 6.16004610062 
1.24253768488 86.2695007324 2.94780584612 6.01674530491 0.0377765714595 21.1741432139 nan nan -1.83879946538 0.148796852526 49.8889513281 0.561537373965 3.85454799639 6.70005846024 
1.08777584289 18.5253162384 1.57946184787 8.25026836461 0.0984214789617 32.6024542146 nan nan -0.230465418524 0.823686529556 81.0152366883 3.5220383175 1.60210873729 8.40009689331 
1.54426198971 24.6845264435 0.798438505239 7.45745583433 0.316022526401 10.6120814379 nan nan -2.21154389559 0.129994170143 37.4469078802 13.5313281788 1.35065636681 7.50007677078 
3.33800844116 44.5727386475 1.21684368349 7.01531615952 -0.685111442825 28.7309512043 nan nan -3.59898666613 0.166223833628 39.337972403 -19.6413255288 2.03822774618 7.12006807327 
1.61219657648 4.12093353271 0.0548157993697 8.05990271099 0.302459476898 38.1159167339 nan nan -0.986524735324 0.232673770687 7.09984414243 34.2934501918 0.536816664064 8.06008911133 
2.20298281808 93.1994171143 4.07620495313 6.88374585501 -0.123137564692 11.5162425393 nan nan -1.38767294173 0.067663948582 68.3712018085 -1.60855208557 4.38667153329 8.00008773804 
1.06085099426 35.2099304199 2.25308571547 8.61019936913 0.131827920645 24.6878564242 nan nan -0.917628378782 0.640867877463 92.8001292248 3.34456620806 2.25962778857 8.9001083374 
1.16791622615 193.151733398 3.09487697843 3.08523602522 -0.835464530683 6.69287810507 nan nan -1.65926587476 0.0664545278632 29.7506731632 -7.6297384316 6.29252996785 4.37000513077 
4.0610894627 57.2738723755 1.00177566216 6.72586587091 -0.546474651098 26.7369437681 nan nan -1.22841706959 0.0649563596519 29.451510116 -15.014374471 2.1094409045 6.80006074905 
1.41095729568 39.8643493652 1.62191456051 7.11761527364 1.33995304342 12.5451550185 nan nan -1.18933743129 0.0754144630121 49.5584935806 32.1600688473 2.51735347773 7.30007219315 
1.05768395927 91.432472229 4.376661327 7.88715662303 0.471281619414 8.94897901877 nan nan -1.80713391222 0.0771046743118 82.0289671014 6.08703137626 4.44441759298 9.02011108398 
2.8496878004 126.575073242 3.29313780259 5.32385661445 -0.190557663322 9.81546640688 nan nan -0.0567964828355 0.372397584281 46.0360587977 -2.38498732965 4.57918722215 6.26004838943 
1.35236792322 73.8758544922 3.75873583178 7.11869622629 -0.5428971948 9.55374514565 nan nan -0.690516454051 0.578653126459 69.8220448995 -7.72060174134 4.04114247862 8.05008888245 
1.3123478839 23.8893756866 1.81529783124 7.55505677298 0.0459031905197 3.8375732661 nan nan -1.19524922606 0.0410784597165 62.5010184402 1.28492489321 2.04702980469 7.77008295059 
6.17805519771 115.296928406 4.91079584842 4.616544652 -1.32615783174 13.4693434788 nan nan 1.31328845955 0.0797110791751 51.6630670497 -11.9596445282 6.39967467138 6.74005937576 
1.6072320228 33.0115470886 1.74962088408 7.59106226237 -0.68416220686 9.2904500162 nan nan -1.57525767627 0.70498125862 62.547873438 -19.1369083258 2.08696405675 7.79008340836 
2.56344865051 254.679626465 1.57953196585 4.41602712818 0.132716983718 32.1711354734 nan nan -0.978635701358 0.152991405134 21.1446551285 1.73605151066 4.38079552669 4.69001245499 
11.1507974008 241.150665283 3.36680761957 3.69659329064 0.1310879499 13.3688746238 nan nan -2.2190809868 0.0375882314253 35.0274124752 1.28021442133 5.86730718587 5.00001955032 
5.02024741021 67.4328918457 3.45661371535 7.09262109037 0.392317146331 29.8924101018 nan nan -1.61300507842 0.0666712603219 67.8460392313 6.00080592687 3.7527065587 7.89008569717 
1.07100997539 66.3734970093 3.54177336027 7.62794697603 0.185465176675 13.18344505 nan nan -2.13421306564 0.0680973693874 76.1678120899 2.91078197087 3.65226400249 8.41009712219 
2.55392839955 17.445608139 0.31144984324 7.74382190141 0.373823400186 14.3500820904 nan nan -0.778724856519 0.042140960333 22.3854726045 24.565393479 0.899194226052 7.75008249283 
1.06434011256 121.684585571 2.15592356357 5.3413499417 -0.43824913942 8.08863040233 nan nan -2.1605605086 0.0642382244093 34.3153295897 -6.5373878695 3.8493036917 5.76003694534 
1.21274998194 69.3664398193 0.851953829844 6.54483889318 0.413258337914 10.1482253451 nan nan -2.00538281503 0.190779040138 23.5449768976 10.9663486211 2.1723864149 6.60005617142 
3.58141513206 32.4438056946 0.0540801940764 9.54997009152 0.545412323614 28.0823306822 nan nan -0.408057853046 0.17140765884 177.05150539 27.4188143404 1.1844139746 9.55012321472 
1.18313034793 92.2993087769 4.40644539543 9.28786928286 -0.854068419682 17.7850342274 nan nan -3.41314953856 0.0621676290512 100.13732289 -10.8020188833 4.55707492755 10.2801399231 
12.0673866758 138.412796021 5.13138363774 6.28032371128 0.0359187528798 12.6520488403 nan nan -1.43497288386 1.22275113379 66.6081985115 0.36809243376 5.59100626195 8.11009025574 
1.84939593569 254.489868164 1.45391332229 4.27979128812 -0.140145980906 16.6179630289 nan nan -2.69816250665 0.109032582928 19.009453704 -1.7983411774 4.46583322758 4.520008564 
1.80344691319 204.720489502 4.25124688619 3.37818281229 0.545664620915 29.5540881771 nan nan -1.3797015414 0.149001128015 39.6935913056 4.6864778783 6.67861222636 5.43002939224 
1.05088852508 30.6491031647 0.935233018658 7.65314949086 -0.919490817647 32.5223569172 nan nan -2.01001511061 1.68621761483 47.8392603046 -36.0840959524 1.56117902489 7.7100815773 
1.01759276213 83.6150054932 2.57526977972 5.16345955282 -1.43318691184 6.52275472528 nan nan -2.50623349036 0.159476204194 37.6623358874 -18.7799318853 4.45180203044 5.77003717422 
1.39970767327 49.8620643616 2.58063762683 8.79950621897 0.335953372954 13.1875329182 nan nan -2.02560916725 0.103409385921 96.6200733691 7.36827470931 2.61959141948 9.17011451721 
1.12741725427 52.5994300842 3.10328007298 7.98850926279 0.227934260738 27.9478795364 nan nan -1.91079162799 0.0653944188759 80.6405092228 4.14507359462 3.15339880332 8.5701007843 
10.8536907688 41.2005844116 2.90310059459 7.71175358764 0.140201869606 30.4755930284 nan nan -1.68842248241 0.0671213753241 74.8093474516 2.66841993678 3.01147505936 8.2400932312 
2.00313827819 54.3783531189 0.0391234066632 6.11992013237 1.25965482354 24.2939994201 nan nan 0.0407260395743 0.0915320085534 0.941734875753 27.8867853452 2.69314706091 6.12004518509 
1.21829690281 5.68507957458 0.315599756133 8.92453046246 0.0392147073891 37.9994915546 nan nan -1.32474446461 13.5275740694 143.372556211 4.23966303374 0.530440489499 8.93010902405 
3.34212791436 39.6009902954 0.0319954961954 6.94999053424 0.862023406658 9.19341812737 nan nan -2.5012610989 0.0501555337829 1.18253896347 29.0750348985 1.77387637939 6.95006418228 
1.32819977343 101.013496399 2.62728247889 10.0421481325 -0.132838653205 16.7355897589 nan nan -2.05258239623 0.0703905697487 120.411852472 -2.49677018624 3.04934094426 10.3801422119 
4.47484830497 62.2119102478 3.72858937512 7.34824861655 1.23704029771 5.53657851688 nan nan -2.52656634912 0.0197476846553 72.8342198459 17.5882417333 4.09379758606 8.2400932312 
1.13375735198 165.24798584 1.49022650352 5.12787644917 0.204355969781 32.7717034317 nan nan -3.12798144713 0.587615366473 23.8418451117 3.17266489743 3.69239131678 5.34002733231 
1.55321939715 187.549850464 6.01788351942 9.51715998469 -0.173626635263 11.5622772303 nan nan -1.04085107519 0.0805384276165 99.5936240323 -1.62952649898 6.10570902486 11.2601623535 
28.4963680498 197.530761719 4.05538588612 4.40845222133 -0.145066700249 73.1363897683 nan nan 0.537808291283 0.764218485006 44.7456822038 -1.44249770853 5.76263500995 5.99004220963 
1.04026683103 103.762588501 2.935606948 10.4350909571 -0.395383283074 13.5263169909 nan nan -1.88146621024 0.0371048874466 123.392039009 -6.41607580441 3.53817652274 10.8401527405 
1.5964457806 53.376914978 2.02322808002 6.76395519976 -0.406128600486 15.4266119804 nan nan -0.936726424788 4.4438393154 49.3685289921 -8.66178717772 2.69670981982 7.06006669998 
2.98358389729 134.367431641 1.49259325511 5.50114269016 -0.239839176062 9.19808388641 nan nan -0.933721949195 0.0849778078655 26.46047894 -4.09531103891 3.35834819821 5.70003557205 
8.05616606927 177.14630127 2.32273156168 4.48415288651 -0.36301901865 10.3662929705 nan nan -3.05593275068 0.395063816418 30.0447204948 -4.47430429032 4.65337434067 5.05002069473 
1.68825541295 78.8173446655 2.12138344102 10.3448742305 -0.260391717778 27.7765100889 nan nan -1.16234458479 0.152416062058 131.012054672 -5.29168218774 2.82340795439 10.5601463318 
1.38637269294 30.3603420258 1.95176814482 7.64487105304 -0.5537649038 33.8582413635 nan nan -1.88469274437 0.836535652413 66.3403130672 -14.5675775075 2.20165846028 7.89008569717 
1.20134384521 200.097122192 4.36089522809 3.57667143764 -0.484126569669 16.2854426809 nan nan -2.30709499517 0.0937699687397 41.5332888346 -4.20991139688 6.59476685401 5.64003419876 
1.03541392585 40.552822113 2.09997791464 7.62624125874 0.948097057517 10.6584750382 nan nan 0.490659619183 1.85622603562 67.4087837411 22.6281857715 2.464193501 7.91008615494 
16.4969654163 234.251495361 5.54679486156 3.50248365079 -0.304181276205 18.5409554056 nan nan -0.55758878876 0.046139410323 47.981979486 -2.33304606293 7.47225729921 6.56005525589 
1.28017255268 24.4357852936 -0.453612229883 8.94862011556 0.848902112688 6.85188365373 nan nan -2.23620170721 1.59391812452 -134.682981702 53.073652593 1.06191283075 8.96010971069 
1.41916493279 11.8387985229 1.03665868417 8.41649648889 -0.100902694071 16.3311452547 nan nan -2.69817364233 0.227420836088 85.3947319132 -5.54150947877 1.04489971648 8.48009872437 
11.1072297973 99.9970550537 4.26341481357 6.99291802594 -0.042362040383 9.56575028338 nan nan 0.0266075790793 0.0408156461832 70.5319186289 -0.536736783304 4.52214512058 8.19009208679 
1.02485146554 188.384124756 1.48053418175 3.33623989049 0.78013280108 94.7016387736 nan nan -1.5489629292 1.17120379267 15.9984599981 8.26312697796 5.42816793395 3.64999699593 
1.06060140259 49.0136299133 2.59258489817 6.65274997078 -1.87492392191 16.3980990482 nan nan -0.948203642019 1.88352654262 54.5296398672 -30.4970216943 3.69447815498 7.14006853104 
1.01594077024 41.9007987976 2.46616202715 8.36410559596 -0.601086736527 7.81926510183 nan nan -0.369360942543 0.169981854847 86.8459860358 -13.6778652284 2.54199285955 8.72010421753 
1.60096716393 335.246551514 7.32229307226 -7.20137441761 2.01771118964 52.1135110502 nan nan -2.304660453 0.0871434164035 25.0018641323 6.64294985665 17.4419119618 10.2701396942 
1.03296438683 30.1842002869 2.25247642084 7.22720115579 -0.150007505282 7.11729662868 nan nan -1.63170101366 0.449257493882 60.5306659957 -3.3183150759 2.59155728779 7.57007837296 
10.4731406396 88.432182312 1.42160167101 6.06568570468 -0.440622747683 6.91051858162 nan nan -2.04084973123 0.0482910259082 30.284263562 -8.88367248978 2.85324128058 6.23004770279 
1.64310105514 13.0064735413 0.385742336327 8.98183098295 -0.284203141376 14.5415685973 nan nan -0.745804026537 0.205604455929 141.320072893 -24.7240930966 0.679506932808 8.99011039734 
22.1939911738 150.092529297 2.18505464553 5.10180291054 0.0427943398329 5.44891277865 nan nan -3.20558935144 0.151683245989 32.7411835387 0.606880631836 4.04030179792 5.55003213882 
29.274067395 139.117767334 6.14669497255 3.88227776236 -1.39759966424 8.67569500554 nan nan -2.21479916426 0.129274952827 53.0841881202 -10.3032808126 7.81399402169 7.2700715065 
1.19571333724 143.457717896 2.21156303968 4.52888454453 0.700495716419 9.87371269815 nan nan -1.21554104307 0.0890775376806 29.1139716912 8.76095765626 4.5990720029 5.04002046585 
2.49848377621 251.337280273 2.80724714076 4.54260447326 -0.215838836492 30.1210385716 nan nan -1.43289140665 0.148390689133 35.3506447125 -2.54711093328 4.85676870643 5.34002733231 
6.73111285218 25.0270366669 2.13054689667 8.37329918072 -0.202735628327 43.7724174535 nan nan 0.267828925524 0.159459959158 86.5967035872 -5.42617635399 2.14391812146 8.64010238647 
1.09310331998 114.66002655 0.627094479436 4.17314831286 1.235667308 54.6252122924 nan nan -1.47756847136 1.17377979114 8.24650919347 15.7817926014 4.54332110958 4.22000169754 
1.57708210754 20.0911560059 1.39014538697 8.38565333824 -0.536663013428 32.0694648293 nan nan -0.939116220386 0.084312674642 85.297711259 -21.0441660937 1.49451883426 8.50009918213 
1.80254450917 48.0542488098 3.02978919627 7.37174827526 0.0226416330565 11.0385583085 nan nan -0.442124006654 0.138862947623 69.5753630067 0.401246857306 3.23312343899 7.97008752823 
10.2664913142 215.653823853 2.37264261021 3.69360475844 -0.429183555694 13.4503618123 nan nan -3.42355438806 0.141257079289 26.272920227 -4.57789457882 5.37727316568 4.39000558853 
1.89836997399 90.1769104004 2.34631865928 4.62937758474 1.50283383692 12.451126418 nan nan -1.32159985092 0.0903200339701 31.223673653 18.3675255045 4.7692178262 5.19002389908 
1.44195612342 100.91166687 2.60569812036 5.65896030067 -0.38563546277 17.8802250712 nan nan -1.39217147071 0.493547831488 42.525914071 -5.71255899677 3.87425915212 6.23004770279 
6.57095805262 178.30355835 4.27106746112 2.46232810804 -1.22689182358 10.1881611061 nan nan -2.61799070929 0.0543155781301 35.2757044202 -9.41923848524 7.49671679332 4.93001794815 
1.29572418173 33.619972229 2.624289724 7.36660157042 -0.0498365235881 28.1461247847 nan nan 0.0850172153009 0.171644833109 66.6410785487 -0.99879368833 2.85901595567 7.820084095 
3.32448669735 86.6722869873 3.51869657863 6.4188969459 -0.197450485588 15.1340629122 nan nan -2.17818948495 0.115764936493 59.3981699638 -2.76519940173 4.09282325889 7.32007265091 
1.77774733097 76.6220855713 1.28895926404 6.46277195493 0.180788960202 19.0629625156 nan nan -1.81799443914 0.059660481904 32.3216391473 4.28874524475 2.41751912922 6.59005594254 
1.25077292808 83.8091049194 3.14302232006 6.33302905995 0.1737387662 13.758042996 nan nan -1.96367744809 0.110028433756 55.4155030693 2.60570458444 3.82158835019 7.07006692886 
1.66824585858 102.372695923 5.16793781998 5.44919032791 1.31562962205 13.3501857627 nan nan -1.71228105873 0.090454363363 59.4451996506 12.365105065 6.14376938605 7.51007699966 
13.5902352427 165.85369873 5.82023197271 7.3688021412 -0.211606951167 15.1095423856 nan nan -4.12621594304 0.0998203958393 79.0013340112 -2.04397942897 5.93291549861 9.39011955261 
1.25722180367 26.93334198 1.6415259847 7.26698144213 -0.278846169306 11.128738787 nan nan -1.68887912942 0.0797000706349 53.0882613116 -7.73467475954 2.07188260011 7.45007562637 
18.7737729852 74.2864837646 -1.2996078343 10.7116007647 0.254994673484 21.4723614896 nan nan -1.14354777573 0.3462936838 -149.560133407 5.67689876877 2.57782480962 10.7901515961 
1.14157215426 116.16254425 4.006329103 5.63012446301 -0.538642455821 24.2437906007 nan nan -2.77877315301 0.0695748388494 54.3846326764 -6.23759309753 4.95751895352 6.91006326675 
7.94004882449 25.975643158 1.42399698905 7.83168068734 0.662641041565 19.1825850562 nan nan -0.201737301685 0.064573617555 64.8580973723 22.8433473593 1.7069010746 7.96008729935 
1.21814151662 49.6817474365 1.1245572795 9.836054555 -0.036876464257 13.1075369842 nan nan -1.11818762853 0.159204035449 139.912676829 -1.20970891919 1.7467199897 9.90013122559 
20.8866367603 18.1168346405 1.44422522059 7.89914765151 -0.0719567489856 31.6829687181 nan nan -1.02226664751 0.100903578809 67.410841023 -2.63383144775 1.5658824369 8.03008842468 
6.44958946953 11.8791942596 0.809946845578 7.85845682984 -0.176833877659 21.9625147281 nan nan -1.06376299364 2.32724644972 51.6179388528 -9.71176556615 1.04826606934 7.90008592606 
1.7199941747 29.0445919037 1.73740438974 8.87158625465 0.285068878848 20.2888535398 nan nan -2.32319616231 0.585487076757 102.072221131 9.11534959527 1.7994206356 9.04011154175 
8.8159742161 70.9701309204 3.12563206539 6.64131744705 -0.113889584477 10.7778522151 nan nan -1.83240018564 0.0746849259157 59.2618224458 -1.79381952921 3.63830282938 7.34007310867 
1.12897958478 102.120132446 0.265302490192 11.5771302296 -0.401058775983 4.94151912437 nan nan 0.967972643257 0.0465498282653 175.072286731 -7.39866273353 3.11447652154 11.5801696777 
1.24422572488 216.29284668 3.09618883818 -1.83673443707 1.96523389991 33.3961129497 nan nan -2.18152492583 0.132785987493 16.6746716985 10.3219532774 10.9679810551 3.59999704361 
1.19160182903 120.718544006 3.57643896703 5.61831387642 -0.0278381633216 20.1291800404 nan nan -0.0578511646981 0.178938708956 51.1401571286 -0.347270436467 4.59301704363 6.66005754471 
1.65695215349 11.5522241592 -0.439224705158 9.09951884186 -0.14065248672 34.5289149164 nan nan -2.24339246651 0.160277197504 -143.772425175 -10.7166751318 0.756388990791 9.11011314392 
9.56365058915 279.786499023 11.5898920445 0.0802549810591 1.34637767566 18.5592623545 nan nan -2.06226489178 0.0599481657943 54.0026029747 5.36918355559 14.3885522771 11.5901699066 
1.98637508301 187.183425903 1.6066182564 4.63972515717 0.275873654435 41.7146903465 nan nan -1.50037233481 0.18404175806 22.5967225604 3.77482285076 4.19035205647 4.91001749039 
1.34595388521 24.3065853119 0.33994444688 8.86359111811 -1.047796923 35.8028049206 nan nan -2.26199946406 0.548317654017 136.92505493 -64.5899551019 1.16001686194 8.87010765076 
1.03776940369 46.0273780823 5.74976555237 6.15127917545 -3.9608521846 14.0111768297 nan nan -1.31583547317 0.0641133620818 67.7804839253 -32.5263736232 7.36645392622 8.42009735107 
1.37035651199 142.438293457 4.09368487082 5.13881048992 -0.419466218536 53.9281982917 nan nan -2.52162477436 0.06639049506 50.6117118667 -4.52795882799 5.31336076817 6.57005548477 
1.64062021702 226.287796021 2.9728540211 1.18411253255 1.16381134851 20.0476847586 nan nan -1.08860982889 0.229777107985 22.1146561359 8.38372152624 7.98213801698 3.19999742508 
3.94648228415 69.3949203491 3.15895282928 8.6940019254 0.031410316205 22.5396538013 nan nan -1.8600321097 0.0604315186958 93.5143129002 0.568617326881 3.16506024155 9.25011634827 
1.45469105825 49.3433685303 1.58371560585 9.68145025947 -0.370563684502 14.2129037009 nan nan -0.696151540909 0.974099473775 126.722901828 -10.6222316351 2.01029780881 9.81012916565 
10.4143260623 50.3182487488 1.08486075176 6.98633834909 0.274248378395 18.3835745531 nan nan -1.96547965744 0.0726677539013 35.6296553631 8.37743104796 1.88236729073 7.07006692886 
4.25490134713 10.1520414352 0.604758398166 7.89696369543 -0.242018457221 15.2787877805 nan nan -1.92699870244 0.0284236306754 45.0816932117 -15.8216942201 0.887670230666 7.92008638382 
1.79684685804 145.78175354 5.79132757106 5.40261911408 -0.72530769028 12.6690290447 nan nan -0.769524422637 0.0447084818013 61.8607523849 -6.30205959876 6.60751955226 7.92008638382 
2.05033750136 249.17124939 2.88018095607 3.00169291535 -0.464576522288 10.8594945972 nan nan -1.91367938235 0.148705974734 27.6469184974 -4.28044839459 6.22435976482 4.16000032425 
1.43832329045 157.501678467 2.82529635345 12.9352541419 -0.0945891732367 23.4546495845 nan nan -0.443008816433 0.142281697702 147.50250091 -1.03048100077 5.25953666209 13.2402076721 
2.06235457486 27.4588375092 0.639451636944 7.41254500994 -0.228355033178 43.2518188486 nan nan 0.108926276373 0.182749383807 30.45662843 -10.2602615592 1.28203072217 7.44007539749 
3.62939077687 26.5589580536 1.20504686417 8.2121515146 -0.893958785356 10.554272106 nan nan -0.0115277385241 0.214208024217 76.5655481037 -35.8121838622 1.5277948178 8.30009460449 
14.7526240435 105.727172852 1.66278700014 5.90022001026 -0.203399540508 5.53070561113 nan nan -2.0254737927 0.0288096972228 32.6024764889 -3.77087108166 3.09274764182 6.13004541397 
2.58690731108 44.1208152771 1.81550565443 7.10168343717 -1.38326978719 25.9518730872 nan nan -0.72756749664 0.320438135548 52.3962561993 -31.1164754719 2.67671165711 7.33007287979 
1.357571816 74.7210388184 3.15468267092 9.16223374856 -0.452127363394 58.7020649933 nan nan 0.297400661875 0.104049800584 101.855437041 -7.9843499748 3.25499546001 9.69012641907 
1.44007243501 235.144424438 4.74677841568 0.175288451489 -1.37354590542 10.2492859898 nan nan -2.25579772508 0.0819697835047 29.6919333693 -8.15678737852 9.6808757893 4.75001382828 
1.23828703418 12.1833677292 0.9422778608 8.46783386155 -0.409158488852 24.4689700171 nan nan -1.76384214612 0.0531859524824 88.0448775531 -23.4593958612 1.02778056822 8.52009963989 
10.53876561 78.9958724976 4.11483971134 6.50840586643 1.11915375034 4.77257475681 nan nan -1.13339277866 0.0283760731805 64.1728857339 13.7561697234 4.70646981928 7.70008134842 
1.81676109358 40.3224563599 0.922352097253 7.18107875498 0.280384416891 54.8708965591 nan nan -1.20989429634 0.393850290093 34.9659828197 9.88247441655 1.63367746606 7.24007081985 
2.03807557176 14.2964057922 1.04772182544 7.82021299488 -0.0438037823281 59.2494175531 nan nan -0.465142525566 0.162939343646 57.0235274269 -2.00871088693 1.24970003088 7.89008569717 
8.93536382127 18.1362876892 0.7618609909 7.45122905527 0.0137964952829 46.7698430984 nan nan -0.529826130677 1.61395425748 35.9958626419 0.609782269369 1.29635759235 7.4900765419 
